# n,accuracy
0.000000000000000000e+00,5.000000000000000000e-01
1.002004008016032088e+01,5.805000066757202148e-01
2.004008016032064177e+01,6.430000066757202148e-01
3.006012024048096265e+01,6.899999976158142090e-01
4.008016032064128353e+01,7.315000295639038086e-01
5.010020040080160442e+01,7.559999823570251465e-01
6.012024048096192530e+01,7.720000147819519043e-01
7.014028056112223908e+01,7.810000181198120117e-01
8.016032064128256707e+01,7.839999794960021973e-01
9.018036072144289506e+01,7.900000214576721191e-01
1.002004008016032088e+02,7.904999852180480957e-01
1.102204408817635226e+02,7.910000085830688477e-01
1.202404809619238506e+02,7.914999723434448242e-01
1.302605210420841786e+02,7.935000061988830566e-01
1.402805611222444782e+02,7.954999804496765137e-01
1.503006012024048061e+02,7.975000143051147461e-01
1.603206412825651341e+02,7.979999780654907227e-01
1.703406813627254621e+02,8.009999990463256836e-01
1.803607214428857901e+02,8.080000281333923340e-01
1.903807615230460897e+02,8.115000128746032715e-01
2.004008016032064177e+02,8.140000104904174805e-01
2.104208416833667457e+02,8.165000081062316895e-01
2.204408817635270452e+02,8.184999823570251465e-01
2.304609218436873732e+02,8.174999952316284180e-01
2.404809619238477012e+02,8.220000267028808594e-01
2.505010020040080292e+02,8.224999904632568359e-01
2.605210420841683572e+02,8.234999775886535645e-01
2.705410821643286567e+02,8.245000243186950684e-01
2.805611222444889563e+02,8.264999985694885254e-01
2.905811623246493127e+02,8.284999728202819824e-01
3.006012024048096123e+02,8.314999938011169434e-01
3.106212424849699687e+02,8.330000042915344238e-01
3.206412825651302683e+02,8.349999785423278809e-01
3.306613226452905678e+02,8.360000252723693848e-01
3.406813627254509242e+02,8.364999890327453613e-01
3.507014028056112238e+02,8.379999995231628418e-01
3.607214428857715802e+02,8.395000100135803223e-01
3.707414829659318798e+02,8.395000100135803223e-01
3.807615230460921794e+02,8.385000228881835938e-01
3.907815631262525358e+02,8.410000205039978027e-01
4.008016032064128353e+02,8.395000100135803223e-01
4.108216432865731349e+02,8.389999866485595703e-01
4.208416833667334913e+02,8.374999761581420898e-01
4.308617234468937909e+02,8.399999737739562988e-01
4.408817635270540904e+02,8.410000205039978027e-01
4.509018036072144469e+02,8.410000205039978027e-01
4.609218436873747464e+02,8.420000076293945312e-01
4.709418837675351028e+02,8.450000286102294922e-01
4.809619238476954024e+02,8.460000157356262207e-01
4.909819639278557020e+02,8.470000028610229492e-01
5.010020040080160584e+02,8.470000028610229492e-01
5.110220440881763579e+02,8.485000133514404297e-01
5.210420841683367144e+02,8.500000238418579102e-01
5.310621242484969571e+02,8.519999980926513672e-01
5.410821643286573135e+02,8.514999747276306152e-01
5.511022044088176699e+02,8.519999980926513672e-01
5.611222444889779126e+02,8.565000295639038086e-01
5.711422845691382690e+02,8.569999933242797852e-01
5.811623246492986254e+02,8.579999804496765137e-01
5.911823647294589819e+02,8.569999933242797852e-01
6.012024048096192246e+02,8.560000061988830566e-01
6.112224448897795810e+02,8.575000166893005371e-01
6.212424849699399374e+02,8.579999804496765137e-01
6.312625250501001801e+02,8.590000271797180176e-01
6.412825651302605365e+02,8.594999909400939941e-01
6.513026052104208929e+02,8.604999780654907227e-01
6.613226452905811357e+02,8.604999780654907227e-01
6.713426853707414921e+02,8.594999909400939941e-01
6.813627254509018485e+02,8.600000143051147461e-01
6.913827655310620912e+02,8.600000143051147461e-01
7.014028056112224476e+02,8.594999909400939941e-01
7.114228456913828040e+02,8.590000271797180176e-01
7.214428857715431604e+02,8.619999885559082031e-01
7.314629258517034032e+02,8.644999861717224121e-01
7.414829659318637596e+02,8.650000095367431641e-01
7.515030060120241160e+02,8.659999966621398926e-01
7.615230460921843587e+02,8.665000200271606445e-01
7.715430861723447151e+02,8.659999966621398926e-01
7.815631262525050715e+02,8.669999837875366211e-01
7.915831663326653143e+02,8.669999837875366211e-01
8.016032064128256707e+02,8.665000200271606445e-01
8.116232464929860271e+02,8.659999966621398926e-01
8.216432865731462698e+02,8.665000200271606445e-01
8.316633266533066262e+02,8.679999709129333496e-01
8.416833667334669826e+02,8.675000071525573730e-01
8.517034068136272253e+02,8.675000071525573730e-01
8.617234468937875818e+02,8.669999837875366211e-01
8.717434869739479382e+02,8.659999966621398926e-01
8.817635270541081809e+02,8.665000200271606445e-01
8.917835671342685373e+02,8.669999837875366211e-01
9.018036072144288937e+02,8.659999966621398926e-01
9.118236472945892501e+02,8.675000071525573730e-01
9.218436873747494928e+02,8.659999966621398926e-01
9.318637274549098493e+02,8.669999837875366211e-01
9.418837675350702057e+02,8.675000071525573730e-01
9.519038076152304484e+02,8.669999837875366211e-01
9.619238476953908048e+02,8.675000071525573730e-01
9.719438877755511612e+02,8.690000176429748535e-01
9.819639278557114039e+02,8.684999942779541016e-01
9.919839679358717603e+02,8.690000176429748535e-01
1.002004008016032117e+03,8.700000047683715820e-01
1.012024048096192359e+03,8.700000047683715820e-01
1.022044088176352716e+03,8.705000281333923340e-01
1.032064128256512959e+03,8.709999918937683105e-01
1.042084168336673429e+03,8.709999918937683105e-01
1.052104208416833671e+03,8.715000152587890625e-01
1.062124248496993914e+03,8.709999918937683105e-01
1.072144288577154384e+03,8.725000023841857910e-01
1.082164328657314627e+03,8.709999918937683105e-01
1.092184368737474870e+03,8.719999790191650391e-01
1.102204408817635340e+03,8.719999790191650391e-01
1.112224448897795583e+03,8.730000257492065430e-01
1.122244488977955825e+03,8.734999895095825195e-01
1.132264529058116295e+03,8.734999895095825195e-01
1.142284569138276538e+03,8.730000257492065430e-01
1.152304609218437008e+03,8.744999766349792480e-01
1.162324649298597251e+03,8.755000233650207520e-01
1.172344689378757494e+03,8.744999766349792480e-01
1.182364729458917964e+03,8.759999871253967285e-01
1.192384769539078206e+03,8.765000104904174805e-01
1.202404809619238449e+03,8.765000104904174805e-01
1.212424849699398919e+03,8.769999742507934570e-01
1.222444889779559162e+03,8.774999976158142090e-01
1.232464929859719405e+03,8.769999742507934570e-01
1.242484969939879875e+03,8.765000104904174805e-01
1.252505010020040118e+03,8.765000104904174805e-01
1.262525050100200360e+03,8.765000104904174805e-01
1.272545090180360830e+03,8.769999742507934570e-01
1.282565130260521073e+03,8.759999871253967285e-01
1.292585170340681316e+03,8.769999742507934570e-01
1.302605210420841786e+03,8.765000104904174805e-01
1.312625250501002029e+03,8.759999871253967285e-01
1.322645290581162271e+03,8.755000233650207520e-01
1.332665330661322741e+03,8.759999871253967285e-01
1.342685370741482984e+03,8.759999871253967285e-01
1.352705410821643227e+03,8.759999871253967285e-01
1.362725450901803697e+03,8.765000104904174805e-01
1.372745490981963940e+03,8.759999871253967285e-01
1.382765531062124182e+03,8.759999871253967285e-01
1.392785571142284653e+03,8.744999766349792480e-01
1.402805611222444895e+03,8.765000104904174805e-01
1.412825651302605138e+03,8.769999742507934570e-01
1.422845691382765608e+03,8.759999871253967285e-01
1.432865731462925851e+03,8.759999871253967285e-01
1.442885771543086321e+03,8.765000104904174805e-01
1.452905811623246564e+03,8.769999742507934570e-01
1.462925851703406806e+03,8.765000104904174805e-01
1.472945891783567276e+03,8.765000104904174805e-01
1.482965931863727519e+03,8.759999871253967285e-01
1.492985971943887762e+03,8.759999871253967285e-01
1.503006012024048232e+03,8.765000104904174805e-01
1.513026052104208475e+03,8.759999871253967285e-01
1.523046092184368717e+03,8.759999871253967285e-01
1.533066132264529188e+03,8.769999742507934570e-01
1.543086172344689430e+03,8.769999742507934570e-01
1.553106212424849673e+03,8.769999742507934570e-01
1.563126252505010143e+03,8.769999742507934570e-01
1.573146292585170386e+03,8.774999976158142090e-01
1.583166332665330629e+03,8.769999742507934570e-01
1.593186372745491099e+03,8.780000209808349609e-01
1.603206412825651341e+03,8.784999847412109375e-01
1.613226452905811584e+03,8.790000081062316895e-01
1.623246492985972054e+03,8.784999847412109375e-01
1.633266533066132297e+03,8.780000209808349609e-01
1.643286573146292540e+03,8.780000209808349609e-01
1.653306613226453010e+03,8.780000209808349609e-01
1.663326653306613252e+03,8.784999847412109375e-01
1.673346693386773495e+03,8.784999847412109375e-01
1.683366733466933965e+03,8.790000081062316895e-01
1.693386773547094208e+03,8.780000209808349609e-01
1.703406813627254451e+03,8.784999847412109375e-01
1.713426853707414921e+03,8.780000209808349609e-01
1.723446893787575164e+03,8.784999847412109375e-01
1.733466933867735406e+03,8.780000209808349609e-01
1.743486973947895876e+03,8.780000209808349609e-01
1.753507014028056119e+03,8.780000209808349609e-01
1.763527054108216362e+03,8.790000081062316895e-01
1.773547094188376832e+03,8.784999847412109375e-01
1.783567134268537075e+03,8.780000209808349609e-01
1.793587174348697545e+03,8.780000209808349609e-01
1.803607214428857787e+03,8.780000209808349609e-01
1.813627254509018030e+03,8.784999847412109375e-01
1.823647294589178500e+03,8.784999847412109375e-01
1.833667334669338743e+03,8.780000209808349609e-01
1.843687374749498986e+03,8.780000209808349609e-01
1.853707414829659456e+03,8.780000209808349609e-01
1.863727454909819699e+03,8.774999976158142090e-01
1.873747494989979941e+03,8.774999976158142090e-01
1.883767535070140411e+03,8.774999976158142090e-01
1.893787575150300654e+03,8.780000209808349609e-01
1.903807615230460897e+03,8.780000209808349609e-01
1.913827655310621367e+03,8.780000209808349609e-01
1.923847695390781610e+03,8.794999718666076660e-01
1.933867735470941852e+03,8.790000081062316895e-01
1.943887775551102322e+03,8.799999952316284180e-01
1.953907815631262565e+03,8.805000185966491699e-01
1.963927855711422808e+03,8.805000185966491699e-01
1.973947895791583278e+03,8.805000185966491699e-01
1.983967935871743521e+03,8.799999952316284180e-01
1.993987975951903763e+03,8.794999718666076660e-01
2.004008016032064234e+03,8.790000081062316895e-01
2.014028056112224476e+03,8.794999718666076660e-01
2.024048096192384719e+03,8.790000081062316895e-01
2.034068136272545189e+03,8.794999718666076660e-01
2.044088176352705432e+03,8.794999718666076660e-01
2.054108216432865902e+03,8.794999718666076660e-01
2.064128256513025917e+03,8.799999952316284180e-01
2.074148296593186387e+03,8.799999952316284180e-01
2.084168336673346857e+03,8.799999952316284180e-01
2.094188376753506873e+03,8.799999952316284180e-01
2.104208416833667343e+03,8.799999952316284180e-01
2.114228456913827813e+03,8.805000185966491699e-01
2.124248496993987828e+03,8.805000185966491699e-01
2.134268537074148298e+03,8.809999823570251465e-01
2.144288577154308769e+03,8.809999823570251465e-01
2.154308617234468784e+03,8.809999823570251465e-01
2.164328657314629254e+03,8.809999823570251465e-01
2.174348697394789724e+03,8.805000185966491699e-01
2.184368737474949739e+03,8.809999823570251465e-01
2.194388777555110210e+03,8.815000057220458984e-01
2.204408817635270680e+03,8.809999823570251465e-01
2.214428857715430695e+03,8.805000185966491699e-01
2.224448897795591165e+03,8.809999823570251465e-01
2.234468937875751635e+03,8.809999823570251465e-01
2.244488977955911650e+03,8.809999823570251465e-01
2.254509018036072121e+03,8.809999823570251465e-01
2.264529058116232591e+03,8.809999823570251465e-01
2.274549098196393061e+03,8.805000185966491699e-01
2.284569138276553076e+03,8.815000057220458984e-01
2.294589178356713546e+03,8.820000290870666504e-01
2.304609218436874016e+03,8.824999928474426270e-01
2.314629258517034032e+03,8.830000162124633789e-01
2.324649298597194502e+03,8.824999928474426270e-01
2.334669338677354972e+03,8.824999928474426270e-01
2.344689378757514987e+03,8.820000290870666504e-01
2.354709418837675457e+03,8.815000057220458984e-01
2.364729458917835927e+03,8.815000057220458984e-01
2.374749498997995943e+03,8.815000057220458984e-01
2.384769539078156413e+03,8.820000290870666504e-01
2.394789579158316883e+03,8.824999928474426270e-01
2.404809619238476898e+03,8.824999928474426270e-01
2.414829659318637368e+03,8.824999928474426270e-01
2.424849699398797839e+03,8.824999928474426270e-01
2.434869739478957854e+03,8.820000290870666504e-01
2.444889779559118324e+03,8.820000290870666504e-01
2.454909819639278794e+03,8.809999823570251465e-01
2.464929859719438809e+03,8.815000057220458984e-01
2.474949899799599280e+03,8.815000057220458984e-01
2.484969939879759750e+03,8.815000057220458984e-01
2.494989979959919765e+03,8.809999823570251465e-01
2.505010020040080235e+03,8.815000057220458984e-01
2.515030060120240705e+03,8.809999823570251465e-01
2.525050100200400720e+03,8.815000057220458984e-01
2.535070140280561191e+03,8.815000057220458984e-01
2.545090180360721661e+03,8.815000057220458984e-01
2.555110220440881676e+03,8.815000057220458984e-01
2.565130260521042146e+03,8.815000057220458984e-01
2.575150300601202616e+03,8.815000057220458984e-01
2.585170340681362632e+03,8.820000290870666504e-01
2.595190380761523102e+03,8.824999928474426270e-01
2.605210420841683572e+03,8.824999928474426270e-01
2.615230460921843587e+03,8.824999928474426270e-01
2.625250501002004057e+03,8.824999928474426270e-01
2.635270541082164527e+03,8.824999928474426270e-01
2.645290581162324543e+03,8.824999928474426270e-01
2.655310621242485013e+03,8.824999928474426270e-01
2.665330661322645483e+03,8.824999928474426270e-01
2.675350701402805498e+03,8.824999928474426270e-01
2.685370741482965968e+03,8.824999928474426270e-01
2.695390781563126438e+03,8.830000162124633789e-01
2.705410821643286454e+03,8.820000290870666504e-01
2.715430861723446924e+03,8.830000162124633789e-01
2.725450901803607394e+03,8.830000162124633789e-01
2.735470941883767409e+03,8.830000162124633789e-01
2.745490981963927879e+03,8.830000162124633789e-01
2.755511022044088350e+03,8.834999799728393555e-01
2.765531062124248365e+03,8.834999799728393555e-01
2.775551102204408835e+03,8.840000033378601074e-01
2.785571142284569305e+03,8.840000033378601074e-01
2.795591182364729320e+03,8.845000267028808594e-01
2.805611222444889790e+03,8.855000138282775879e-01
2.815631262525050261e+03,8.859999775886535645e-01
2.825651302605210276e+03,8.859999775886535645e-01
2.835671342685370746e+03,8.859999775886535645e-01
2.845691382765531216e+03,8.859999775886535645e-01
2.855711422845691231e+03,8.855000138282775879e-01
2.865731462925851702e+03,8.845000267028808594e-01
2.875751503006012172e+03,8.845000267028808594e-01
2.885771543086172642e+03,8.840000033378601074e-01
2.895791583166332657e+03,8.834999799728393555e-01
2.905811623246493127e+03,8.834999799728393555e-01
2.915831663326653597e+03,8.830000162124633789e-01
2.925851703406813613e+03,8.830000162124633789e-01
2.935871743486974083e+03,8.834999799728393555e-01
2.945891783567134553e+03,8.834999799728393555e-01
2.955911823647294568e+03,8.834999799728393555e-01
2.965931863727455038e+03,8.834999799728393555e-01
2.975951903807615508e+03,8.840000033378601074e-01
2.985971943887775524e+03,8.840000033378601074e-01
2.995991983967935994e+03,8.834999799728393555e-01
3.006012024048096464e+03,8.834999799728393555e-01
3.016032064128256479e+03,8.834999799728393555e-01
3.026052104208416949e+03,8.845000267028808594e-01
3.036072144288577420e+03,8.845000267028808594e-01
3.046092184368737435e+03,8.849999904632568359e-01
3.056112224448897905e+03,8.855000138282775879e-01
3.066132264529058375e+03,8.855000138282775879e-01
3.076152304609218390e+03,8.855000138282775879e-01
3.086172344689378860e+03,8.855000138282775879e-01
3.096192384769539331e+03,8.859999775886535645e-01
3.106212424849699346e+03,8.855000138282775879e-01
3.116232464929859816e+03,8.855000138282775879e-01
3.126252505010020286e+03,8.855000138282775879e-01
3.136272545090180301e+03,8.859999775886535645e-01
3.146292585170340772e+03,8.859999775886535645e-01
3.156312625250501242e+03,8.855000138282775879e-01
3.166332665330661257e+03,8.845000267028808594e-01
3.176352705410821727e+03,8.845000267028808594e-01
3.186372745490982197e+03,8.845000267028808594e-01
3.196392785571142213e+03,8.834999799728393555e-01
3.206412825651302683e+03,8.834999799728393555e-01
3.216432865731463153e+03,8.840000033378601074e-01
3.226452905811623168e+03,8.845000267028808594e-01
3.236472945891783638e+03,8.849999904632568359e-01
3.246492985971944108e+03,8.840000033378601074e-01
3.256513026052104124e+03,8.840000033378601074e-01
3.266533066132264594e+03,8.834999799728393555e-01
3.276553106212425064e+03,8.830000162124633789e-01
3.286573146292585079e+03,8.830000162124633789e-01
3.296593186372745549e+03,8.834999799728393555e-01
3.306613226452906019e+03,8.834999799728393555e-01
3.316633266533066035e+03,8.834999799728393555e-01
3.326653306613226505e+03,8.840000033378601074e-01
3.336673346693386975e+03,8.845000267028808594e-01
3.346693386773546990e+03,8.840000033378601074e-01
3.356713426853707460e+03,8.840000033378601074e-01
3.366733466933867930e+03,8.849999904632568359e-01
3.376753507014027946e+03,8.840000033378601074e-01
3.386773547094188416e+03,8.830000162124633789e-01
3.396793587174348886e+03,8.834999799728393555e-01
3.406813627254508901e+03,8.840000033378601074e-01
3.416833667334669371e+03,8.840000033378601074e-01
3.426853707414829842e+03,8.840000033378601074e-01
3.436873747494989857e+03,8.849999904632568359e-01
3.446893787575150327e+03,8.849999904632568359e-01
3.456913827655310797e+03,8.849999904632568359e-01
3.466933867735470812e+03,8.849999904632568359e-01
3.476953907815631283e+03,8.849999904632568359e-01
3.486973947895791753e+03,8.840000033378601074e-01
3.496993987975951768e+03,8.840000033378601074e-01
3.507014028056112238e+03,8.840000033378601074e-01
3.517034068136272708e+03,8.840000033378601074e-01
3.527054108216432724e+03,8.840000033378601074e-01
3.537074148296593194e+03,8.845000267028808594e-01
3.547094188376753664e+03,8.845000267028808594e-01
3.557114228456914134e+03,8.845000267028808594e-01
3.567134268537074149e+03,8.845000267028808594e-01
3.577154308617234619e+03,8.840000033378601074e-01
3.587174348697395089e+03,8.840000033378601074e-01
3.597194388777555105e+03,8.845000267028808594e-01
3.607214428857715575e+03,8.840000033378601074e-01
3.617234468937876045e+03,8.840000033378601074e-01
3.627254509018036060e+03,8.840000033378601074e-01
3.637274549098196530e+03,8.840000033378601074e-01
3.647294589178357000e+03,8.840000033378601074e-01
3.657314629258517016e+03,8.840000033378601074e-01
3.667334669338677486e+03,8.840000033378601074e-01
3.677354709418837956e+03,8.840000033378601074e-01
3.687374749498997971e+03,8.840000033378601074e-01
3.697394789579158441e+03,8.840000033378601074e-01
3.707414829659318912e+03,8.845000267028808594e-01
3.717434869739478927e+03,8.845000267028808594e-01
3.727454909819639397e+03,8.840000033378601074e-01
3.737474949899799867e+03,8.840000033378601074e-01
3.747494989979959882e+03,8.840000033378601074e-01
3.757515030060120353e+03,8.840000033378601074e-01
3.767535070140280823e+03,8.840000033378601074e-01
3.777555110220440838e+03,8.840000033378601074e-01
3.787575150300601308e+03,8.840000033378601074e-01
3.797595190380761778e+03,8.840000033378601074e-01
3.807615230460921794e+03,8.840000033378601074e-01
3.817635270541082264e+03,8.840000033378601074e-01
3.827655310621242734e+03,8.840000033378601074e-01
3.837675350701402749e+03,8.840000033378601074e-01
3.847695390781563219e+03,8.840000033378601074e-01
3.857715430861723689e+03,8.834999799728393555e-01
3.867735470941883705e+03,8.830000162124633789e-01
3.877755511022044175e+03,8.834999799728393555e-01
3.887775551102204645e+03,8.834999799728393555e-01
3.897795591182364660e+03,8.834999799728393555e-01
3.907815631262525130e+03,8.840000033378601074e-01
3.917835671342685600e+03,8.840000033378601074e-01
3.927855711422845616e+03,8.840000033378601074e-01
3.937875751503006086e+03,8.834999799728393555e-01
3.947895791583166556e+03,8.824999928474426270e-01
3.957915831663326571e+03,8.830000162124633789e-01
3.967935871743487041e+03,8.824999928474426270e-01
3.977955911823647511e+03,8.834999799728393555e-01
3.987975951903807527e+03,8.840000033378601074e-01
3.997995991983967997e+03,8.845000267028808594e-01
4.008016032064128467e+03,8.845000267028808594e-01
4.018036072144288482e+03,8.845000267028808594e-01
4.028056112224448952e+03,8.840000033378601074e-01
4.038076152304609423e+03,8.840000033378601074e-01
4.048096192384769438e+03,8.840000033378601074e-01
4.058116232464929908e+03,8.840000033378601074e-01
4.068136272545090378e+03,8.840000033378601074e-01
4.078156312625250393e+03,8.840000033378601074e-01
4.088176352705410864e+03,8.845000267028808594e-01
4.098196392785571334e+03,8.840000033378601074e-01
4.108216432865731804e+03,8.840000033378601074e-01
4.118236472945892274e+03,8.840000033378601074e-01
4.128256513026051834e+03,8.834999799728393555e-01
4.138276553106212305e+03,8.834999799728393555e-01
4.148296593186372775e+03,8.840000033378601074e-01
4.158316633266533245e+03,8.834999799728393555e-01
4.168336673346693715e+03,8.840000033378601074e-01
4.178356713426854185e+03,8.840000033378601074e-01
4.188376753507013746e+03,8.824999928474426270e-01
4.198396793587174216e+03,8.830000162124633789e-01
4.208416833667334686e+03,8.834999799728393555e-01
4.218436873747495156e+03,8.834999799728393555e-01
4.228456913827655626e+03,8.834999799728393555e-01
4.238476953907816096e+03,8.834999799728393555e-01
4.248496993987975657e+03,8.840000033378601074e-01
4.258517034068136127e+03,8.840000033378601074e-01
4.268537074148296597e+03,8.840000033378601074e-01
4.278557114228457067e+03,8.840000033378601074e-01
4.288577154308617537e+03,8.845000267028808594e-01
4.298597194388778007e+03,8.849999904632568359e-01
4.308617234468937568e+03,8.849999904632568359e-01
4.318637274549098038e+03,8.849999904632568359e-01
4.328657314629258508e+03,8.855000138282775879e-01
4.338677354709418978e+03,8.855000138282775879e-01
4.348697394789579448e+03,8.855000138282775879e-01
4.358717434869739918e+03,8.855000138282775879e-01
4.368737474949899479e+03,8.855000138282775879e-01
4.378757515030059949e+03,8.855000138282775879e-01
4.388777555110220419e+03,8.855000138282775879e-01
4.398797595190380889e+03,8.855000138282775879e-01
4.408817635270541359e+03,8.855000138282775879e-01
4.418837675350701829e+03,8.855000138282775879e-01
4.428857715430861390e+03,8.855000138282775879e-01
4.438877755511021860e+03,8.855000138282775879e-01
4.448897795591182330e+03,8.859999775886535645e-01
4.458917835671342800e+03,8.859999775886535645e-01
4.468937875751503270e+03,8.859999775886535645e-01
4.478957915831663740e+03,8.859999775886535645e-01
4.488977955911823301e+03,8.859999775886535645e-01
4.498997995991983771e+03,8.859999775886535645e-01
4.509018036072144241e+03,8.859999775886535645e-01
4.519038076152304711e+03,8.859999775886535645e-01
4.529058116232465181e+03,8.865000009536743164e-01
4.539078156312625651e+03,8.859999775886535645e-01
4.549098196392786122e+03,8.859999775886535645e-01
4.559118236472945682e+03,8.859999775886535645e-01
4.569138276553106152e+03,8.865000009536743164e-01
4.579158316633266622e+03,8.859999775886535645e-01
4.589178356713427092e+03,8.865000009536743164e-01
4.599198396793587563e+03,8.870000243186950684e-01
4.609218436873748033e+03,8.859999775886535645e-01
4.619238476953907593e+03,8.859999775886535645e-01
4.629258517034068063e+03,8.859999775886535645e-01
4.639278557114228533e+03,8.859999775886535645e-01
4.649298597194389004e+03,8.865000009536743164e-01
4.659318637274549474e+03,8.865000009536743164e-01
4.669338677354709944e+03,8.865000009536743164e-01
4.679358717434869504e+03,8.865000009536743164e-01
4.689378757515029974e+03,8.865000009536743164e-01
4.699398797595190445e+03,8.865000009536743164e-01
4.709418837675350915e+03,8.865000009536743164e-01
4.719438877755511385e+03,8.870000243186950684e-01
4.729458917835671855e+03,8.874999880790710449e-01
4.739478957915831415e+03,8.874999880790710449e-01
4.749498997995991886e+03,8.865000009536743164e-01
4.759519038076152356e+03,8.874999880790710449e-01
4.769539078156312826e+03,8.855000138282775879e-01
4.779559118236473296e+03,8.865000009536743164e-01
4.789579158316633766e+03,8.859999775886535645e-01
4.799599198396793327e+03,8.870000243186950684e-01
4.809619238476953797e+03,8.870000243186950684e-01
4.819639278557114267e+03,8.865000009536743164e-01
4.829659318637274737e+03,8.865000009536743164e-01
4.839679358717435207e+03,8.865000009536743164e-01
4.849699398797595677e+03,8.859999775886535645e-01
4.859719438877755238e+03,8.855000138282775879e-01
4.869739478957915708e+03,8.855000138282775879e-01
4.879759519038076178e+03,8.859999775886535645e-01
4.889779559118236648e+03,8.865000009536743164e-01
4.899799599198397118e+03,8.865000009536743164e-01
4.909819639278557588e+03,8.865000009536743164e-01
4.919839679358717149e+03,8.870000243186950684e-01
4.929859719438877619e+03,8.870000243186950684e-01
4.939879759519038089e+03,8.870000243186950684e-01
4.949899799599198559e+03,8.870000243186950684e-01
4.959919839679359029e+03,8.874999880790710449e-01
4.969939879759519499e+03,8.889999985694885254e-01
4.979959919839679060e+03,8.884999752044677734e-01
4.989979959919839530e+03,8.884999752044677734e-01
5.000000000000000000e+03,8.889999985694885254e-01
