# n, training_loss
0.000000000000000000e+00,4.990076124668121338e-01
1.002004008016032088e+01,3.068342208862304688e-01
2.004008016032064177e+01,2.628891170024871826e-01
3.006012024048096265e+01,2.228249013423919678e-01
4.008016032064128353e+01,1.924986392259597778e-01
5.010020040080160442e+01,1.742772758007049561e-01
6.012024048096192530e+01,1.644949167966842651e-01
7.014028056112223908e+01,1.577797532081604004e-01
8.016032064128256707e+01,1.525564193725585938e-01
9.018036072144289506e+01,1.479491144418716431e-01
1.002004008016032088e+02,1.437589824199676514e-01
1.102204408817635226e+02,1.399208158254623413e-01
1.202404809619238506e+02,1.363949477672576904e-01
1.302605210420841786e+02,1.330792903900146484e-01
1.402805611222444782e+02,1.299914121627807617e-01
1.503006012024048061e+02,1.270751655101776123e-01
1.603206412825651341e+02,1.244000345468521118e-01
1.703406813627254621e+02,1.218566298484802246e-01
1.803607214428857901e+02,1.194720119237899780e-01
1.903807615230460897e+02,1.172360330820083618e-01
2.004008016032064177e+02,1.151285991072654724e-01
2.104208416833667457e+02,1.130798459053039551e-01
2.204408817635270452e+02,1.110911518335342407e-01
2.304609218436873732e+02,1.091876700520515442e-01
2.404809619238477012e+02,1.073650121688842773e-01
2.505010020040080292e+02,1.055811867117881775e-01
2.605210420841683572e+02,1.038533300161361694e-01
2.705410821643286567e+02,1.021808236837387085e-01
2.805611222444889563e+02,1.005397140979766846e-01
2.905811623246493127e+02,9.891793131828308105e-02
3.006012024048096123e+02,9.734389930963516235e-02
3.106212424849699687e+02,9.581444412469863892e-02
3.206412825651302683e+02,9.432785212993621826e-02
3.306613226452905678e+02,9.288261830806732178e-02
3.406813627254509242e+02,9.147927165031433105e-02
3.507014028056112238e+02,9.010616689920425415e-02
3.607214428857715802e+02,8.874645084142684937e-02
3.707414829659318798e+02,8.742272853851318359e-02
3.807615230460921794e+02,8.612787723541259766e-02
3.907815631262525358e+02,8.485183864831924438e-02
4.008016032064128353e+02,8.359775692224502563e-02
4.108216432865731349e+02,8.235759288072586060e-02
4.208416833667334913e+02,8.114004880189895630e-02
4.308617234468937909e+02,7.994058728218078613e-02
4.408817635270540904e+02,7.875204086303710938e-02
4.509018036072144469e+02,7.756912708282470703e-02
4.609218436873747464e+02,7.640278339385986328e-02
4.709418837675351028e+02,7.525261491537094116e-02
4.809619238476954024e+02,7.412011921405792236e-02
4.909819639278557020e+02,7.300370186567306519e-02
5.010020040080160584e+02,7.188777625560760498e-02
5.110220440881763579e+02,7.077497243881225586e-02
5.210420841683367144e+02,6.967400759458541870e-02
5.310621242484969571e+02,6.857813894748687744e-02
5.410821643286573135e+02,6.747847795486450195e-02
5.511022044088176699e+02,6.638043373823165894e-02
5.611222444889779126e+02,6.529515236616134644e-02
5.711422845691382690e+02,6.421963125467300415e-02
5.811623246492986254e+02,6.315273791551589966e-02
5.911823647294589819e+02,6.210130453109741211e-02
6.012024048096192246e+02,6.106835231184959412e-02
6.112224448897795810e+02,6.005850806832313538e-02
6.212424849699399374e+02,5.906652286648750305e-02
6.312625250501001801e+02,5.809453874826431274e-02
6.412825651302605365e+02,5.713743716478347778e-02
6.513026052104208929e+02,5.619569122791290283e-02
6.613226452905811357e+02,5.527137592434883118e-02
6.713426853707414921e+02,5.435702949762344360e-02
6.813627254509018485e+02,5.346333608031272888e-02
6.913827655310620912e+02,5.258718132972717285e-02
7.014028056112224476e+02,5.171757936477661133e-02
7.114228456913828040e+02,5.085835978388786316e-02
7.214428857715431604e+02,5.002823099493980408e-02
7.314629258517034032e+02,4.921103641390800476e-02
7.414829659318637596e+02,4.841151088476181030e-02
7.515030060120241160e+02,4.763141646981239319e-02
7.615230460921843587e+02,4.687294363975524902e-02
7.715430861723447151e+02,4.612734541296958923e-02
7.815631262525050715e+02,4.539921134710311890e-02
7.915831663326653143e+02,4.468246921896934509e-02
8.016032064128256707e+02,4.398421570658683777e-02
8.116232464929860271e+02,4.329705238342285156e-02
8.216432865731462698e+02,4.262556508183479309e-02
8.316633266533066262e+02,4.197534918785095215e-02
8.416833667334669826e+02,4.133543744683265686e-02
8.517034068136272253e+02,4.070785641670227051e-02
8.617234468937875818e+02,4.009335488080978394e-02
8.717434869739479382e+02,3.949951380491256714e-02
8.817635270541081809e+02,3.891047462821006775e-02
8.917835671342685373e+02,3.834734484553337097e-02
9.018036072144288937e+02,3.778216987848281860e-02
9.118236472945892501e+02,3.723295778036117554e-02
9.218436873747494928e+02,3.669182211160659790e-02
9.318637274549098493e+02,3.616008162498474121e-02
9.418837675350702057e+02,3.565078228712081909e-02
9.519038076152304484e+02,3.513503819704055786e-02
9.619238476953908048e+02,3.463361784815788269e-02
9.719438877755511612e+02,3.414540737867355347e-02
9.819639278557114039e+02,3.365704789757728577e-02
9.919839679358717603e+02,3.318011015653610229e-02
1.002004008016032117e+03,3.270771354436874390e-02
1.012024048096192359e+03,3.224837779998779297e-02
1.022044088176352716e+03,3.179055079817771912e-02
1.032064128256512959e+03,3.134873136878013611e-02
1.042084168336673429e+03,3.091138973832130432e-02
1.052104208416833671e+03,3.048673085868358612e-02
1.062124248496993914e+03,3.007166832685470581e-02
1.072144288577154384e+03,2.965951152145862579e-02
1.082164328657314627e+03,2.926268614828586578e-02
1.092184368737474870e+03,2.886467240750789642e-02
1.102204408817635340e+03,2.847318165004253387e-02
1.112224448897795583e+03,2.809805981814861298e-02
1.122244488977955825e+03,2.771500870585441589e-02
1.132264529058116295e+03,2.735172212123870850e-02
1.142284569138276538e+03,2.698325179517269135e-02
1.152304609218437008e+03,2.663853764533996582e-02
1.162324649298597251e+03,2.628559246659278870e-02
1.172344689378757494e+03,2.594128064811229706e-02
1.182364729458917964e+03,2.560322545468807220e-02
1.192384769539078206e+03,2.526624128222465515e-02
1.202404809619238449e+03,2.494539879262447357e-02
1.212424849699398919e+03,2.461958862841129303e-02
1.222444889779559162e+03,2.431483753025531769e-02
1.232464929859719405e+03,2.399558387696743011e-02
1.242484969939879875e+03,2.369370870292186737e-02
1.252505010020040118e+03,2.339303493499755859e-02
1.262525050100200360e+03,2.309684827923774719e-02
1.272545090180360830e+03,2.280676551163196564e-02
1.282565130260521073e+03,2.252084016799926758e-02
1.292585170340681316e+03,2.224501408636569977e-02
1.302605210420841786e+03,2.196066826581954956e-02
1.312625250501002029e+03,2.169164828956127167e-02
1.322645290581162271e+03,2.141216769814491272e-02
1.332665330661322741e+03,2.114775776863098145e-02
1.342685370741482984e+03,2.087148465216159821e-02
1.352705410821643227e+03,2.060838975012302399e-02
1.362725450901803697e+03,2.033428102731704712e-02
1.372745490981963940e+03,2.006481401622295380e-02
1.382765531062124182e+03,1.980168744921684265e-02
1.392785571142284653e+03,1.955025084316730499e-02
1.402805611222444895e+03,1.930017210543155670e-02
1.412825651302605138e+03,1.906073838472366333e-02
1.422845691382765608e+03,1.882387138903141022e-02
1.432865731462925851e+03,1.859047636389732361e-02
1.442885771543086321e+03,1.836640760302543640e-02
1.452905811623246564e+03,1.814097911119461060e-02
1.462925851703406806e+03,1.792752183973789215e-02
1.472945891783567276e+03,1.771078072488307953e-02
1.482965931863727519e+03,1.750577241182327271e-02
1.492985971943887762e+03,1.729523018002510071e-02
1.503006012024048232e+03,1.709925010800361633e-02
1.513026052104208475e+03,1.689355261623859406e-02
1.523046092184368717e+03,1.669920422136783600e-02
1.533066132264529188e+03,1.650881208479404449e-02
1.543086172344689430e+03,1.631524972617626190e-02
1.553106212424849673e+03,1.612470299005508423e-02
1.563126252505010143e+03,1.593895629048347473e-02
1.573146292585170386e+03,1.575873047113418579e-02
1.583166332665330629e+03,1.557496003806591034e-02
1.593186372745491099e+03,1.540031284093856812e-02
1.603206412825651341e+03,1.522535365074872971e-02
1.613226452905811584e+03,1.505270041525363922e-02
1.623246492985972054e+03,1.488688960671424866e-02
1.633266533066132297e+03,1.472121104598045349e-02
1.643286573146292540e+03,1.455827895551919937e-02
1.653306613226453010e+03,1.439993269741535187e-02
1.663326653306613252e+03,1.424994971603155136e-02
1.673346693386773495e+03,1.409557461738586426e-02
1.683366733466933965e+03,1.394424773752689362e-02
1.693386773547094208e+03,1.380163617432117462e-02
1.703406813627254451e+03,1.365846581757068634e-02
1.713426853707414921e+03,1.352187339216470718e-02
1.723446893787575164e+03,1.338644605129957199e-02
1.733466933867735406e+03,1.325276773422956467e-02
1.743486973947895876e+03,1.312395278364419937e-02
1.753507014028056119e+03,1.299526542425155640e-02
1.763527054108216362e+03,1.287026982754468918e-02
1.773547094188376832e+03,1.274675782769918442e-02
1.783567134268537075e+03,1.262583769857883453e-02
1.793587174348697545e+03,1.250570081174373627e-02
1.803607214428857787e+03,1.238727383315563202e-02
1.813627254509018030e+03,1.227032206952571869e-02
1.823647294589178500e+03,1.215641386806964874e-02
1.833667334669338743e+03,1.204155851155519485e-02
1.843687374749498986e+03,1.193199958652257919e-02
1.853707414829659456e+03,1.182060595601797104e-02
1.863727454909819699e+03,1.171029172837734222e-02
1.873747494989979941e+03,1.160300336778163910e-02
1.883767535070140411e+03,1.149619184434413910e-02
1.893787575150300654e+03,1.139173749834299088e-02
1.903807615230460897e+03,1.128631271421909332e-02
1.913827655310621367e+03,1.118571683764457703e-02
1.923847695390781610e+03,1.108395121991634369e-02
1.933867735470941852e+03,1.098342426121234894e-02
1.943887775551102322e+03,1.088457927107810974e-02
1.953907815631262565e+03,1.078697666525840759e-02
1.963927855711422808e+03,1.069221459329128265e-02
1.973947895791583278e+03,1.059769745916128159e-02
1.983967935871743521e+03,1.050534378737211227e-02
1.993987975951903763e+03,1.041537057608366013e-02
2.004008016032064234e+03,1.032535824924707413e-02
2.014028056112224476e+03,1.023828890174627304e-02
2.024048096192384719e+03,1.015065796673297882e-02
2.034068136272545189e+03,1.006454601883888245e-02
2.044088176352705432e+03,9.978913702070713043e-03
2.054108216432865902e+03,9.894764982163906097e-03
2.064128256513025917e+03,9.811266325414180756e-03
2.074148296593186387e+03,9.727792814373970032e-03
2.084168336673346857e+03,9.644334204494953156e-03
2.094188376753506873e+03,9.561092592775821686e-03
2.104208416833667343e+03,9.477810934185981750e-03
2.114228456913827813e+03,9.395830333232879639e-03
2.124248496993987828e+03,9.315058588981628418e-03
2.134268537074148298e+03,9.234899654984474182e-03
2.144288577154308769e+03,9.155967272818088531e-03
2.154308617234468784e+03,9.078143164515495300e-03
2.164328657314629254e+03,9.001669473946094513e-03
2.174348697394789724e+03,8.925676345825195312e-03
2.184368737474949739e+03,8.850016631186008453e-03
2.194388777555110210e+03,8.776207454502582550e-03
2.204408817635270680e+03,8.704274892807006836e-03
2.214428857715430695e+03,8.633599616587162018e-03
2.224448897795591165e+03,8.564609102904796600e-03
2.234468937875751635e+03,8.497070521116256714e-03
2.244488977955911650e+03,8.429959416389465332e-03
2.254509018036072121e+03,8.360743522644042969e-03
2.264529058116232591e+03,8.288963697850704193e-03
2.274549098196393061e+03,8.214794099330902100e-03
2.284569138276553076e+03,8.144003339111804962e-03
2.294589178356713546e+03,8.078853599727153778e-03
2.304609218436874016e+03,8.016953244805335999e-03
2.314629258517034032e+03,7.957246154546737671e-03
2.324649298597194502e+03,7.898601703345775604e-03
2.334669338677354972e+03,7.840381003916263580e-03
2.344689378757514987e+03,7.783150300383567810e-03
2.354709418837675457e+03,7.726513780653476715e-03
2.364729458917835927e+03,7.670513819903135300e-03
2.374749498997995943e+03,7.614795118570327759e-03
2.384769539078156413e+03,7.559376303106546402e-03
2.394789579158316883e+03,7.504483219236135483e-03
2.404809619238476898e+03,7.450277917087078094e-03
2.414829659318637368e+03,7.395832799375057220e-03
2.424849699398797839e+03,7.340722717344760895e-03
2.434869739478957854e+03,7.285384926944971085e-03
2.444889779559118324e+03,7.229420356452465057e-03
2.454909819639278794e+03,7.173705846071243286e-03
2.464929859719438809e+03,7.119996007531881332e-03
2.474949899799599280e+03,7.068715523928403854e-03
2.484969939879759750e+03,7.020150776952505112e-03
2.494989979959919765e+03,6.973595358431339264e-03
2.505010020040080235e+03,6.928710732609033585e-03
2.515030060120240705e+03,6.885250099003314972e-03
2.525050100200400720e+03,6.842770613729953766e-03
2.535070140280561191e+03,6.801457144320011139e-03
2.545090180360721661e+03,6.761218421161174774e-03
2.555110220440881676e+03,6.721870973706245422e-03
2.565130260521042146e+03,6.683448795229196548e-03
2.575150300601202616e+03,6.645832676440477371e-03
2.585170340681362632e+03,6.608860567212104797e-03
2.595190380761523102e+03,6.572281010448932648e-03
2.605210420841683572e+03,6.536534987390041351e-03
2.615230460921843587e+03,6.501377094537019730e-03
2.625250501002004057e+03,6.466711405664682388e-03
2.635270541082164527e+03,6.432744674384593964e-03
2.645290581162324543e+03,6.398869212716817856e-03
2.655310621242485013e+03,6.365620996803045273e-03
2.665330661322645483e+03,6.332499906420707703e-03
2.675350701402805498e+03,6.299621891230344772e-03
2.685370741482965968e+03,6.266501266509294510e-03
2.695390781563126438e+03,6.233118474483489990e-03
2.705410821643286454e+03,6.198567338287830353e-03
2.715430861723446924e+03,6.162044592201709747e-03
2.725450901803607394e+03,6.120718549937009811e-03
2.735470941883767409e+03,6.069508381187915802e-03
2.745490981963927879e+03,6.003780290484428406e-03
2.755511022044088350e+03,5.937814712524414062e-03
2.765531062124248365e+03,5.887315142899751663e-03
2.775551102204408835e+03,5.846200510859489441e-03
2.785571142284569305e+03,5.808980669826269150e-03
2.795591182364729320e+03,5.773454904556274414e-03
2.805611222444889790e+03,5.738098639994859695e-03
2.815631262525050261e+03,5.701899528503417969e-03
2.825651302605210276e+03,5.663832649588584900e-03
2.835671342685370746e+03,5.623610690236091614e-03
2.845691382765531216e+03,5.583213176578283310e-03
2.855711422845691231e+03,5.545339081436395645e-03
2.865731462925851702e+03,5.510046612471342087e-03
2.875751503006012172e+03,5.476635880768299103e-03
2.885771543086172642e+03,5.443772301077842712e-03
2.895791583166332657e+03,5.410369951277971268e-03
2.905811623246493127e+03,5.375961773097515106e-03
2.915831663326653597e+03,5.339859053492546082e-03
2.925851703406813613e+03,5.302434321492910385e-03
2.935871743486974083e+03,5.263983737677335739e-03
2.945891783567134553e+03,5.224858410656452179e-03
2.955911823647294568e+03,5.184490233659744263e-03
2.965931863727455038e+03,5.142929032444953918e-03
2.975951903807615508e+03,5.101533606648445129e-03
2.985971943887775524e+03,5.060163326561450958e-03
2.995991983967935994e+03,5.017323419451713562e-03
3.006012024048096464e+03,4.975923337042331696e-03
3.016032064128256479e+03,4.939972888678312302e-03
3.026052104208416949e+03,4.908003844320774078e-03
3.036072144288577420e+03,4.877991508692502975e-03
3.046092184368737435e+03,4.847010131925344467e-03
3.056112224448897905e+03,4.809135571122169495e-03
3.066132264529058375e+03,4.764502868056297302e-03
3.076152304609218390e+03,4.728363826870918274e-03
3.086172344689378860e+03,4.699086770415306091e-03
3.096192384769539331e+03,4.672782961279153824e-03
3.106212424849699346e+03,4.648145288228988647e-03
3.116232464929859816e+03,4.624582361429929733e-03
3.126252505010020286e+03,4.601519089192152023e-03
3.136272545090180301e+03,4.578603431582450867e-03
3.146292585170340772e+03,4.555534571409225464e-03
3.156312625250501242e+03,4.532105289399623871e-03
3.166332665330661257e+03,4.508007317781448364e-03
3.176352705410821727e+03,4.482668358832597733e-03
3.186372745490982197e+03,4.455566406250000000e-03
3.196392785571142213e+03,4.425331950187683105e-03
3.206412825651302683e+03,4.390139132738113403e-03
3.216432865731463153e+03,4.345612134784460068e-03
3.226452905811623168e+03,4.290084820240736008e-03
3.236472945891783638e+03,4.241565708070993423e-03
3.246492985971944108e+03,4.204203374683856964e-03
3.256513026052104124e+03,4.171393811702728271e-03
3.266533066132264594e+03,4.140010103583335876e-03
3.276553106212425064e+03,4.108583554625511169e-03
3.286573146292585079e+03,4.077306948602199554e-03
3.296593186372745549e+03,4.046082962304353714e-03
3.306613226452906019e+03,4.015598911792039871e-03
3.316633266533066035e+03,3.985743504017591476e-03
3.326653306613226505e+03,3.954827319830656052e-03
3.336673346693386975e+03,3.920376766473054886e-03
3.346693386773546990e+03,3.873529145494103432e-03
3.356713426853707460e+03,3.815648378804326057e-03
3.366733466933867930e+03,3.773357020691037178e-03
3.376753507014027946e+03,3.739246865734457970e-03
3.386773547094188416e+03,3.708495059981942177e-03
3.396793587174348886e+03,3.680178429931402206e-03
3.406813627254508901e+03,3.653302090242505074e-03
3.416833667334669371e+03,3.626543330028653145e-03
3.426853707414829842e+03,3.599527291953563690e-03
3.436873747494989857e+03,3.571588080376386642e-03
3.446893787575150327e+03,3.543726634234189987e-03
3.456913827655310797e+03,3.516803029924631119e-03
3.466933867735470812e+03,3.491366514936089516e-03
3.476953907815631283e+03,3.466829657554626465e-03
3.486973947895791753e+03,3.442682558670639992e-03
3.496993987975951768e+03,3.418494015932083130e-03
3.507014028056112238e+03,3.394126193597912788e-03
3.517034068136272708e+03,3.369992366060614586e-03
3.527054108216432724e+03,3.346461802721023560e-03
3.537074148296593194e+03,3.322812728583812714e-03
3.547094188376753664e+03,3.298157593235373497e-03
3.557114228456914134e+03,3.270137356594204903e-03
3.567134268537074149e+03,3.239185316488146782e-03
3.577154308617234619e+03,3.210615832358598709e-03
3.587174348697395089e+03,3.187387948855757713e-03
3.597194388777555105e+03,3.167753107845783234e-03
3.607214428857715575e+03,3.150097327306866646e-03
3.617234468937876045e+03,3.133903490379452705e-03
3.627254509018036060e+03,3.118517342954874039e-03
3.637274549098196530e+03,3.103554481640458107e-03
3.647294589178357000e+03,3.088712226599454880e-03
3.657314629258517016e+03,3.073935396969318390e-03
3.667334669338677486e+03,3.059083363041281700e-03
3.677354709418837956e+03,3.043825039640069008e-03
3.687374749498997971e+03,3.028302686288952827e-03
3.697394789579158441e+03,3.012948203831911087e-03
3.707414829659318912e+03,2.997916191816329956e-03
3.717434869739478927e+03,2.983314916491508484e-03
3.727454909819639397e+03,2.969622844830155373e-03
3.737474949899799867e+03,2.956479322165250778e-03
3.747494989979959882e+03,2.943935338407754898e-03
3.757515030060120353e+03,2.931986935436725616e-03
3.767535070140280823e+03,2.920488361269235611e-03
3.777555110220440838e+03,2.909345086663961411e-03
3.787575150300601308e+03,2.898395061492919922e-03
3.797595190380761778e+03,2.888055518269538879e-03
3.807615230460921794e+03,2.877901773899793625e-03
3.817635270541082264e+03,2.868050709366798401e-03
3.827655310621242734e+03,2.858474152162671089e-03
3.837675350701402749e+03,2.849118085578083992e-03
3.847695390781563219e+03,2.840014174580574036e-03
3.857715430861723689e+03,2.831061836332082748e-03
3.867735470941883705e+03,2.822248497977852821e-03
3.877755511022044175e+03,2.813605824485421181e-03
3.887775551102204645e+03,2.805101452395319939e-03
3.897795591182364660e+03,2.796608256176114082e-03
3.907815631262525130e+03,2.788119018077850342e-03
3.917835671342685600e+03,2.779362723231315613e-03
3.927855711422845616e+03,2.769764745607972145e-03
3.937875751503006086e+03,2.757209120318293571e-03
3.947895791583166556e+03,2.729563508182764053e-03
3.957915831663326571e+03,2.676742151379585266e-03
3.967935871743487041e+03,2.658978570252656937e-03
3.977955911823647511e+03,2.648864872753620148e-03
3.987975951903807527e+03,2.640169346705079079e-03
3.997995991983967997e+03,2.632237039506435394e-03
4.008016032064128467e+03,2.624763408675789833e-03
4.018036072144288482e+03,2.617623191326856613e-03
4.028056112224448952e+03,2.610763767734169960e-03
4.038076152304609423e+03,2.604081062600016594e-03
4.048096192384769438e+03,2.597465412691235542e-03
4.058116232464929908e+03,2.590958029031753540e-03
4.068136272545090378e+03,2.584486501291394234e-03
4.078156312625250393e+03,2.578102285042405128e-03
4.088176352705410864e+03,2.571779536083340645e-03
4.098196392785571334e+03,2.565413014963269234e-03
4.108216432865731804e+03,2.559079788625240326e-03
4.118236472945892274e+03,2.552671823650598526e-03
4.128256513026051834e+03,2.546095289289951324e-03
4.138276553106212305e+03,2.539265435189008713e-03
4.148296593186372775e+03,2.532042795792222023e-03
4.158316633266533245e+03,2.524205716326832771e-03
4.168336673346693715e+03,2.515582600608468056e-03
4.178356713426854185e+03,2.505767857655882835e-03
4.188376753507013746e+03,2.495128195732831955e-03
4.198396793587174216e+03,2.484171185642480850e-03
4.208416833667334686e+03,2.473587635904550552e-03
4.218436873747495156e+03,2.463771728798747063e-03
4.228456913827655626e+03,2.454815199598670006e-03
4.238476953907816096e+03,2.446681493893265724e-03
4.248496993987975657e+03,2.439055358991026878e-03
4.258517034068136127e+03,2.431997796520590782e-03
4.268537074148296597e+03,2.425337675958871841e-03
4.278557114228457067e+03,2.419051481410861015e-03
4.288577154308617537e+03,2.413074485957622528e-03
4.298597194388778007e+03,2.407342894002795219e-03
4.308617234468937568e+03,2.401840174570679665e-03
4.318637274549098038e+03,2.396571682766079903e-03
4.328657314629258508e+03,2.391425892710685730e-03
4.338677354709418978e+03,2.386445878073573112e-03
4.348697394789579448e+03,2.381609752774238586e-03
4.358717434869739918e+03,2.376880263909697533e-03
4.368737474949899479e+03,2.372263232246041298e-03
4.378757515030059949e+03,2.367763780057430267e-03
4.388777555110220419e+03,2.363373292610049248e-03
4.398797595190380889e+03,2.359088277444243431e-03
4.408817635270541359e+03,2.354879165068268776e-03
4.418837675350701829e+03,2.350755268707871437e-03
4.428857715430861390e+03,2.346721012145280838e-03
4.438877755511021860e+03,2.342729596421122551e-03
4.448897795591182330e+03,2.338815946131944656e-03
4.458917835671342800e+03,2.334973076358437538e-03
4.468937875751503270e+03,2.331200055778026581e-03
4.478957915831663740e+03,2.327488269656896591e-03
4.488977955911823301e+03,2.323847962543368340e-03
4.498997995991983771e+03,2.320256084203720093e-03
4.509018036072144241e+03,2.316727768629789352e-03
4.519038076152304711e+03,2.313249744474887848e-03
4.529058116232465181e+03,2.309823874384164810e-03
4.539078156312625651e+03,2.306484384462237358e-03
4.549098196392786122e+03,2.303155139088630676e-03
4.559118236472945682e+03,2.299874089658260345e-03
4.569138276553106152e+03,2.296668943017721176e-03
4.579158316633266622e+03,2.293492201715707779e-03
4.589178356713427092e+03,2.290341304615139961e-03
4.599198396793587563e+03,2.287270035594701767e-03
4.609218436873748033e+03,2.284169662743806839e-03
4.619238476953907593e+03,2.281141933053731918e-03
4.629258517034068063e+03,2.278135623782873154e-03
4.639278557114228533e+03,2.275155391544103622e-03
4.649298597194389004e+03,2.272207057103514671e-03
4.659318637274549474e+03,2.269290620461106300e-03
4.669338677354709944e+03,2.266359282657504082e-03
4.679358717434869504e+03,2.263443078845739365e-03
4.689378757515029974e+03,2.260531997308135033e-03
4.699398797595190445e+03,2.257561543956398964e-03
4.709418837675350915e+03,2.254555234685540199e-03
4.719438877755511385e+03,2.251419471576809883e-03
4.729458917835671855e+03,2.248074393719434738e-03
4.739478957915831415e+03,2.244376577436923981e-03
4.749498997995991886e+03,2.239739522337913513e-03
4.759519038076152356e+03,2.232299419119954109e-03
4.769539078156312826e+03,2.213636413216590881e-03
4.779559118236473296e+03,2.192883752286434174e-03
4.789579158316633766e+03,2.177572343498468399e-03
4.799599198396793327e+03,2.167139202356338501e-03
4.809619238476953797e+03,2.159445546567440033e-03
4.819639278557114267e+03,2.153346082195639610e-03
4.829659318637274737e+03,2.148072468116879463e-03
4.839679358717435207e+03,2.143253339454531670e-03
4.849699398797595677e+03,2.138700336217880249e-03
4.859719438877755238e+03,2.134249545633792877e-03
4.869739478957915708e+03,2.129706088453531265e-03
4.879759519038076178e+03,2.124833175912499428e-03
4.889779559118236648e+03,2.119036624208092690e-03
4.899799599198397118e+03,2.111039357259869576e-03
4.909819639278557588e+03,2.098418073728680611e-03
4.919839679358717149e+03,2.084117848426103592e-03
4.929859719438877619e+03,2.072200411930680275e-03
4.939879759519038089e+03,2.062699291855096817e-03
4.949899799599198559e+03,2.055079676210880280e-03
4.959919839679359029e+03,2.048660302534699440e-03
4.969939879759519499e+03,2.043094485998153687e-03
4.979959919839679060e+03,2.038167789578437805e-03
4.989979959919839530e+03,2.033656230196356773e-03
5.000000000000000000e+03,2.029545605182647705e-03
