# n, training_loss
0.000000000000000000e+00,3.826646208763122559e-01
1.002004008016032088e+01,2.748894095420837402e-01
2.004008016032064177e+01,2.143845707178115845e-01
3.006012024048096265e+01,1.875564754009246826e-01
4.008016032064128353e+01,1.724791079759597778e-01
5.010020040080160442e+01,1.635568439960479736e-01
6.012024048096192530e+01,1.565321385860443115e-01
7.014028056112223908e+01,1.505248993635177612e-01
8.016032064128256707e+01,1.455430686473846436e-01
9.018036072144289506e+01,1.413418501615524292e-01
1.002004008016032088e+02,1.376784145832061768e-01
1.102204408817635226e+02,1.343610435724258423e-01
1.202404809619238506e+02,1.313394457101821899e-01
1.302605210420841786e+02,1.285429894924163818e-01
1.402805611222444782e+02,1.258795112371444702e-01
1.503006012024048061e+02,1.233094111084938049e-01
1.603206412825651341e+02,1.209244504570960999e-01
1.703406813627254621e+02,1.186461672186851501e-01
1.803607214428857901e+02,1.164612695574760437e-01
1.903807615230460897e+02,1.143880635499954224e-01
2.004008016032064177e+02,1.123984605073928833e-01
2.104208416833667457e+02,1.104806661605834961e-01
2.204408817635270452e+02,1.086355447769165039e-01
2.304609218436873732e+02,1.068602800369262695e-01
2.404809619238477012e+02,1.051493883132934570e-01
2.505010020040080292e+02,1.034952625632286072e-01
2.605210420841683572e+02,1.019037440419197083e-01
2.705410821643286567e+02,1.003532856702804565e-01
2.805611222444889563e+02,9.881839901208877563e-02
2.905811623246493127e+02,9.731898456811904907e-02
3.006012024048096123e+02,9.586372971534729004e-02
3.106212424849699687e+02,9.443853050470352173e-02
3.206412825651302683e+02,9.303293377161026001e-02
3.306613226452905678e+02,9.166371077299118042e-02
3.406813627254509242e+02,9.030860662460327148e-02
3.507014028056112238e+02,8.896503597497940063e-02
3.607214428857715802e+02,8.763386309146881104e-02
3.707414829659318798e+02,8.631550520658493042e-02
3.807615230460921794e+02,8.501186221837997437e-02
3.907815631262525358e+02,8.373621106147766113e-02
4.008016032064128353e+02,8.247993886470794678e-02
4.108216432865731349e+02,8.123804628849029541e-02
4.208416833667334913e+02,8.001354336738586426e-02
4.308617234468937909e+02,7.880625128746032715e-02
4.408817635270540904e+02,7.761003822088241577e-02
4.509018036072144469e+02,7.641989737749099731e-02
4.609218436873747464e+02,7.523698359727859497e-02
4.709418837675351028e+02,7.406572252511978149e-02
4.809619238476954024e+02,7.290076464414596558e-02
4.909819639278557020e+02,7.174914330244064331e-02
5.010020040080160584e+02,7.061850279569625854e-02
5.110220440881763579e+02,6.950072944164276123e-02
5.210420841683367144e+02,6.839411705732345581e-02
5.310621242484969571e+02,6.730084121227264404e-02
5.410821643286573135e+02,6.622344255447387695e-02
5.511022044088176699e+02,6.515897065401077271e-02
5.611222444889779126e+02,6.410852074623107910e-02
5.711422845691382690e+02,6.306959688663482666e-02
5.811623246492986254e+02,6.204328685998916626e-02
5.911823647294589819e+02,6.103911250829696655e-02
6.012024048096192246e+02,6.004523485898971558e-02
6.112224448897795810e+02,5.906109511852264404e-02
6.212424849699399374e+02,5.808648839592933655e-02
6.312625250501001801e+02,5.712502449750900269e-02
6.412825651302605365e+02,5.617782101035118103e-02
6.513026052104208929e+02,5.524376034736633301e-02
6.613226452905811357e+02,5.432802811264991760e-02
6.713426853707414921e+02,5.342721566557884216e-02
6.813627254509018485e+02,5.254271253943443298e-02
6.913827655310620912e+02,5.167371779680252075e-02
7.014028056112224476e+02,5.081809684634208679e-02
7.114228456913828040e+02,4.997456073760986328e-02
7.214428857715431604e+02,4.914059862494468689e-02
7.314629258517034032e+02,4.832050576806068420e-02
7.414829659318637596e+02,4.750986397266387939e-02
7.515030060120241160e+02,4.671780765056610107e-02
7.615230460921843587e+02,4.594225063920021057e-02
7.715430861723447151e+02,4.517706111073493958e-02
7.815631262525050715e+02,4.442835226655006409e-02
7.915831663326653143e+02,4.369840025901794434e-02
8.016032064128256707e+02,4.298778623342514038e-02
8.116232464929860271e+02,4.229422658681869507e-02
8.216432865731462698e+02,4.160969704389572144e-02
8.316633266533066262e+02,4.094247892498970032e-02
8.416833667334669826e+02,4.029154032468795776e-02
8.517034068136272253e+02,3.964489698410034180e-02
8.617234468937875818e+02,3.900966793298721313e-02
8.717434869739479382e+02,3.838807716965675354e-02
8.817635270541081809e+02,3.777997568249702454e-02
8.917835671342685373e+02,3.719654679298400879e-02
9.018036072144288937e+02,3.661260381340980530e-02
9.118236472945892501e+02,3.604791313409805298e-02
9.218436873747494928e+02,3.549673780798912048e-02
9.318637274549098493e+02,3.494449704885482788e-02
9.418837675350702057e+02,3.441119566559791565e-02
9.519038076152304484e+02,3.387579694390296936e-02
9.619238476953908048e+02,3.335353359580039978e-02
9.719438877755511612e+02,3.284102678298950195e-02
9.819639278557114039e+02,3.233233839273452759e-02
9.919839679358717603e+02,3.184377402067184448e-02
1.002004008016032117e+03,3.135303407907485962e-02
1.012024048096192359e+03,3.087499365210533142e-02
1.022044088176352716e+03,3.041651844978332520e-02
1.032064128256512959e+03,2.994996309280395508e-02
1.042084168336673429e+03,2.950138598680496216e-02
1.052104208416833671e+03,2.906415797770023346e-02
1.062124248496993914e+03,2.862481772899627686e-02
1.072144288577154384e+03,2.820236235857009888e-02
1.082164328657314627e+03,2.778020687401294708e-02
1.092184368737474870e+03,2.737352997064590454e-02
1.102204408817635340e+03,2.696282602846622467e-02
1.112224448897795583e+03,2.656751126050949097e-02
1.122244488977955825e+03,2.618061006069183350e-02
1.132264529058116295e+03,2.580529823899269104e-02
1.142284569138276538e+03,2.543292939662933350e-02
1.152304609218437008e+03,2.506668493151664734e-02
1.162324649298597251e+03,2.471694722771644592e-02
1.172344689378757494e+03,2.436242066323757172e-02
1.182364729458917964e+03,2.401719801127910614e-02
1.192384769539078206e+03,2.368211746215820312e-02
1.202404809619238449e+03,2.336068078875541687e-02
1.212424849699398919e+03,2.303228341042995453e-02
1.222444889779559162e+03,2.271637879312038422e-02
1.232464929859719405e+03,2.240970171988010406e-02
1.242484969939879875e+03,2.209804765880107880e-02
1.252505010020040118e+03,2.180155925452709198e-02
1.262525050100200360e+03,2.150093019008636475e-02
1.272545090180360830e+03,2.120974659919738770e-02
1.282565130260521073e+03,2.092785574495792389e-02
1.292585170340681316e+03,2.064003050327301025e-02
1.302605210420841786e+03,2.036310173571109772e-02
1.312625250501002029e+03,2.009202912449836731e-02
1.322645290581162271e+03,1.981793716549873352e-02
1.332665330661322741e+03,1.955490373075008392e-02
1.342685370741482984e+03,1.929100602865219116e-02
1.352705410821643227e+03,1.903643459081649780e-02
1.362725450901803697e+03,1.878052577376365662e-02
1.372745490981963940e+03,1.853320561349391937e-02
1.382765531062124182e+03,1.828670315444469452e-02
1.392785571142284653e+03,1.804564334452152252e-02
1.402805611222444895e+03,1.780845411121845245e-02
1.412825651302605138e+03,1.757049188017845154e-02
1.422845691382765608e+03,1.734324730932712555e-02
1.432865731462925851e+03,1.711456105113029480e-02
1.442885771543086321e+03,1.688951440155506134e-02
1.452905811623246564e+03,1.667073369026184082e-02
1.462925851703406806e+03,1.646012254059314728e-02
1.472945891783567276e+03,1.624576374888420105e-02
1.482965931863727519e+03,1.603838056325912476e-02
1.492985971943887762e+03,1.583684608340263367e-02
1.503006012024048232e+03,1.563415490090847015e-02
1.513026052104208475e+03,1.543781440705060959e-02
1.523046092184368717e+03,1.524417847394943237e-02
1.533066132264529188e+03,1.505252812057733536e-02
1.543086172344689430e+03,1.486498396843671799e-02
1.553106212424849673e+03,1.467954088002443314e-02
1.563126252505010143e+03,1.449622772634029388e-02
1.573146292585170386e+03,1.432127412408590317e-02
1.583166332665330629e+03,1.414280571043491364e-02
1.593186372745491099e+03,1.396750472486019135e-02
1.603206412825651341e+03,1.379826944321393967e-02
1.613226452905811584e+03,1.362780109047889709e-02
1.623246492985972054e+03,1.346756611019372940e-02
1.633266533066132297e+03,1.330042723566293716e-02
1.643286573146292540e+03,1.313657406717538834e-02
1.653306613226453010e+03,1.297723688185214996e-02
1.663326653306613252e+03,1.282513234764337540e-02
1.673346693386773495e+03,1.266678329557180405e-02
1.683366733466933965e+03,1.251354720443487167e-02
1.693386773547094208e+03,1.236645784229040146e-02
1.703406813627254451e+03,1.221520174294710159e-02
1.713426853707414921e+03,1.206921506673097610e-02
1.723446893787575164e+03,1.192532200366258621e-02
1.733466933867735406e+03,1.178267318755388260e-02
1.743486973947895876e+03,1.164107024669647217e-02
1.753507014028056119e+03,1.150201261043548584e-02
1.763527054108216362e+03,1.136523019522428513e-02
1.773547094188376832e+03,1.123003661632537842e-02
1.783567134268537075e+03,1.109659578651189804e-02
1.793587174348697545e+03,1.096505299210548401e-02
1.803607214428857787e+03,1.083304360508918762e-02
1.813627254509018030e+03,1.070411410182714462e-02
1.823647294589178500e+03,1.057439856231212616e-02
1.833667334669338743e+03,1.044784858822822571e-02
1.843687374749498986e+03,1.032171957194805145e-02
1.853707414829659456e+03,1.019888278096914291e-02
1.863727454909819699e+03,1.007668301463127136e-02
1.873747494989979941e+03,9.958028793334960938e-03
1.883767535070140411e+03,9.842129424214363098e-03
1.893787575150300654e+03,9.726112708449363708e-03
1.903807615230460897e+03,9.610532782971858978e-03
1.913827655310621367e+03,9.495092555880546570e-03
1.923847695390781610e+03,9.380600415170192719e-03
1.933867735470941852e+03,9.267492219805717468e-03
1.943887775551102322e+03,9.153979830443859100e-03
1.953907815631262565e+03,9.041202254593372345e-03
1.963927855711422808e+03,8.926716633141040802e-03
1.973947895791583278e+03,8.814075961709022522e-03
1.983967935871743521e+03,8.701492100954055786e-03
1.993987975951903763e+03,8.586117997765541077e-03
2.004008016032064234e+03,8.465747348964214325e-03
2.014028056112224476e+03,8.341200649738311768e-03
2.024048096192384719e+03,8.213344030082225800e-03
2.034068136272545189e+03,8.091744035482406616e-03
2.044088176352705432e+03,7.981728762388229370e-03
2.054108216432865902e+03,7.881373167037963867e-03
2.064128256513025917e+03,7.786579895764589310e-03
2.074148296593186387e+03,7.695185951888561249e-03
2.084168336673346857e+03,7.606877014040946960e-03
2.094188376753506873e+03,7.520976942032575607e-03
2.104208416833667343e+03,7.437722757458686829e-03
2.114228456913827813e+03,7.355343550443649292e-03
2.124248496993987828e+03,7.275324780493974686e-03
2.134268537074148298e+03,7.197225932031869888e-03
2.144288577154308769e+03,7.120577152818441391e-03
2.154308617234468784e+03,7.044946309179067612e-03
2.164328657314629254e+03,6.971361581236124039e-03
2.174348697394789724e+03,6.899033207446336746e-03
2.184368737474949739e+03,6.827790290117263794e-03
2.194388777555110210e+03,6.758024450391530991e-03
2.204408817635270680e+03,6.688546855002641678e-03
2.214428857715430695e+03,6.620365194976329803e-03
2.224448897795591165e+03,6.553240120410919189e-03
2.234468937875751635e+03,6.487052887678146362e-03
2.244488977955911650e+03,6.421691272407770157e-03
2.254509018036072121e+03,6.357459817081689835e-03
2.264529058116232591e+03,6.293750833719968796e-03
2.274549098196393061e+03,6.231276784092187881e-03
2.284569138276553076e+03,6.169959437102079391e-03
2.294589178356713546e+03,6.109689828008413315e-03
2.304609218436874016e+03,6.050201132893562317e-03
2.314629258517034032e+03,5.992164835333824158e-03
2.324649298597194502e+03,5.935439839959144592e-03
2.334669338677354972e+03,5.879492498934268951e-03
2.344689378757514987e+03,5.824624560773372650e-03
2.354709418837675457e+03,5.770764779299497604e-03
2.364729458917835927e+03,5.717473570257425308e-03
2.374749498997995943e+03,5.664892029017210007e-03
2.384769539078156413e+03,5.613393615931272507e-03
2.394789579158316883e+03,5.563071463257074356e-03
2.404809619238476898e+03,5.513790994882583618e-03
2.414829659318637368e+03,5.465210881084203720e-03
2.424849699398797839e+03,5.417813081294298172e-03
2.434869739478957854e+03,5.371390376240015030e-03
2.444889779559118324e+03,5.325210746377706528e-03
2.454909819639278794e+03,5.280033219605684280e-03
2.464929859719438809e+03,5.235488992184400558e-03
2.474949899799599280e+03,5.191685166209936142e-03
2.484969939879759750e+03,5.148084368556737900e-03
2.494989979959919765e+03,5.105208605527877808e-03
2.505010020040080235e+03,5.062564276158809662e-03
2.515030060120240705e+03,5.020793061703443527e-03
2.525050100200400720e+03,4.979517776519060135e-03
2.535070140280561191e+03,4.938694648444652557e-03
2.545090180360721661e+03,4.898842424154281616e-03
2.555110220440881676e+03,4.859152249991893768e-03
2.565130260521042146e+03,4.819822032004594803e-03
2.575150300601202616e+03,4.780751653015613556e-03
2.585170340681362632e+03,4.741741344332695007e-03
2.595190380761523102e+03,4.703016486018896103e-03
2.605210420841683572e+03,4.664184991270303726e-03
2.615230460921843587e+03,4.625366535037755966e-03
2.625250501002004057e+03,4.586513154208660126e-03
2.635270541082164527e+03,4.546397365629673004e-03
2.645290581162324543e+03,4.505462013185024261e-03
2.655310621242485013e+03,4.462079610675573349e-03
2.665330661322645483e+03,4.415098577737808228e-03
2.675350701402805498e+03,4.363744985312223434e-03
2.685370741482965968e+03,4.311039578169584274e-03
2.695390781563126438e+03,4.261935595422983170e-03
2.705410821643286454e+03,4.216322675347328186e-03
2.715430861723446924e+03,4.172866232693195343e-03
2.725450901803607394e+03,4.130939953029155731e-03
2.735470941883767409e+03,4.090175032615661621e-03
2.745490981963927879e+03,4.050909541547298431e-03
2.755511022044088350e+03,4.012723453342914581e-03
2.765531062124248365e+03,3.975255414843559265e-03
2.775551102204408835e+03,3.938835579901933670e-03
2.785571142284569305e+03,3.903088858351111412e-03
2.795591182364729320e+03,3.867271356284618378e-03
2.805611222444889790e+03,3.831810317933559418e-03
2.815631262525050261e+03,3.796395147219300270e-03
2.825651302605210276e+03,3.760680323466658592e-03
2.835671342685370746e+03,3.724673530086874962e-03
2.845691382765531216e+03,3.688653465360403061e-03
2.855711422845691231e+03,3.652880433946847916e-03
2.865731462925851702e+03,3.617948153987526894e-03
2.875751503006012172e+03,3.584160702303051949e-03
2.885771543086172642e+03,3.551166970282793045e-03
2.895791583166332657e+03,3.519537625834345818e-03
2.905811623246493127e+03,3.488677553832530975e-03
2.915831663326653597e+03,3.458325518295168877e-03
2.925851703406813613e+03,3.428731113672256470e-03
2.935871743486974083e+03,3.399144858121871948e-03
2.945891783567134553e+03,3.370992606505751610e-03
2.955911823647294568e+03,3.343832679092884064e-03
2.965931863727455038e+03,3.317798255011439323e-03
2.975951903807615508e+03,3.292636014521121979e-03
2.985971943887775524e+03,3.267932450398802757e-03
2.995991983967935994e+03,3.243843093514442444e-03
3.006012024048096464e+03,3.220550483092665672e-03
3.016032064128256479e+03,3.197960322722792625e-03
3.026052104208416949e+03,3.175824414938688278e-03
3.036072144288577420e+03,3.154277103021740913e-03
3.046092184368737435e+03,3.133247839286923409e-03
3.056112224448897905e+03,3.112463047727942467e-03
3.066132264529058375e+03,3.092122264206409454e-03
3.076152304609218390e+03,3.072204533964395523e-03
3.086172344689378860e+03,3.052646294236183167e-03
3.096192384769539331e+03,3.033361397683620453e-03
3.106212424849699346e+03,3.014551475644111633e-03
3.116232464929859816e+03,2.996142487972974777e-03
3.126252505010020286e+03,2.977880649268627167e-03
3.136272545090180301e+03,2.960009733214974403e-03
3.146292585170340772e+03,2.942324848845601082e-03
3.156312625250501242e+03,2.924998058006167412e-03
3.166332665330661257e+03,2.907945541664958000e-03
3.176352705410821727e+03,2.891159849241375923e-03
3.186372745490982197e+03,2.874467754736542702e-03
3.196392785571142213e+03,2.858151216059923172e-03
3.206412825651302683e+03,2.842120826244354248e-03
3.216432865731463153e+03,2.826278330758213997e-03
3.226452905811623168e+03,2.810508711263537407e-03
3.236472945891783638e+03,2.795017324388027191e-03
3.246492985971944108e+03,2.779629081487655640e-03
3.256513026052104124e+03,2.764587989076972008e-03
3.266533066132264594e+03,2.749612322077155113e-03
3.276553106212425064e+03,2.734823618084192276e-03
3.286573146292585079e+03,2.720272168517112732e-03
3.296593186372745549e+03,2.705803140997886658e-03
3.306613226452906019e+03,2.691424451768398285e-03
3.316633266533066035e+03,2.677043434232473373e-03
3.326653306613226505e+03,2.662557177245616913e-03
3.336673346693386975e+03,2.647981746122241020e-03
3.346693386773546990e+03,2.632805379107594490e-03
3.356713426853707460e+03,2.616359153762459755e-03
3.366733466933867930e+03,2.596923848614096642e-03
3.376753507014027946e+03,2.571968827396631241e-03
3.386773547094188416e+03,2.540495712310075760e-03
3.396793587174348886e+03,2.511669648811221123e-03
3.406813627254508901e+03,2.490964019671082497e-03
3.416833667334669371e+03,2.474389271810650826e-03
3.426853707414829842e+03,2.460084157064557076e-03
3.436873747494989857e+03,2.446745056658983231e-03
3.446893787575150327e+03,2.433980582281947136e-03
3.456913827655310797e+03,2.421691780909895897e-03
3.466933867735470812e+03,2.409787848591804504e-03
3.476953907815631283e+03,2.398167503997683525e-03
3.486973947895791753e+03,2.386936452239751816e-03
3.496993987975951768e+03,2.375973621383309364e-03
3.507014028056112238e+03,2.365247113630175591e-03
3.517034068136272708e+03,2.354717347770929337e-03
3.527054108216432724e+03,2.344453474506735802e-03
3.537074148296593194e+03,2.334304386749863625e-03
3.547094188376753664e+03,2.324443776160478592e-03
3.557114228456914134e+03,2.314633224159479141e-03
3.567134268537074149e+03,2.304917899891734123e-03
3.577154308617234619e+03,2.295219339430332184e-03
3.587174348697395089e+03,2.285453723743557930e-03
3.597194388777555105e+03,2.275998471304774284e-03
3.607214428857715575e+03,2.266812603920698166e-03
3.617234468937876045e+03,2.257851883769035339e-03
3.627254509018036060e+03,2.248984063044190407e-03
3.637274549098196530e+03,2.240317640826106071e-03
3.647294589178357000e+03,2.231796970590949059e-03
3.657314629258517016e+03,2.223454182967543602e-03
3.667334669338677486e+03,2.215223852545022964e-03
3.677354709418837956e+03,2.207176294177770615e-03
3.687374749498997971e+03,2.199142472818493843e-03
3.697394789579158441e+03,2.191292122006416321e-03
3.707414829659318912e+03,2.183555625379085541e-03
3.717434869739478927e+03,2.175941132009029388e-03
3.727454909819639397e+03,2.168430248275399208e-03
3.737474949899799867e+03,2.161054406315088272e-03
3.747494989979959882e+03,2.153724199160933495e-03
3.757515030060120353e+03,2.146604238077998161e-03
3.767535070140280823e+03,2.139481250196695328e-03
3.777555110220440838e+03,2.132476773113012314e-03
3.787575150300601308e+03,2.125535858795046806e-03
3.797595190380761778e+03,2.118723699823021889e-03
3.807615230460921794e+03,2.111970214173197746e-03
3.817635270541082264e+03,2.105294261127710342e-03
3.827655310621242734e+03,2.098680008202791214e-03
3.837675350701402749e+03,2.092187060043215752e-03
3.847695390781563219e+03,2.085741376504302025e-03
3.857715430861723689e+03,2.079423982650041580e-03
3.867735470941883705e+03,2.073106355965137482e-03
3.877755511022044175e+03,2.066909801214933395e-03
3.887775551102204645e+03,2.060748636722564697e-03
3.897795591182364660e+03,2.054641023278236389e-03
3.907815631262525130e+03,2.048649825155735016e-03
3.917835671342685600e+03,2.042670501396059990e-03
3.927855711422845616e+03,2.036770572885870934e-03
3.937875751503006086e+03,2.030892996117472649e-03
3.947895791583166556e+03,2.025107387453317642e-03
3.957915831663326571e+03,2.019326202571392059e-03
3.967935871743487041e+03,2.013666089624166489e-03
3.977955911823647511e+03,2.008013892918825150e-03
3.987975951903807527e+03,2.002379391342401505e-03
3.997995991983967997e+03,1.996820326894521713e-03
4.008016032064128467e+03,1.991282217204570770e-03
4.018036072144288482e+03,1.985746435821056366e-03
4.028056112224448952e+03,1.980205066502094269e-03
4.038076152304609423e+03,1.974612008780241013e-03
4.048096192384769438e+03,1.968963537365198135e-03
4.058116232464929908e+03,1.963339513167738914e-03
4.068136272545090378e+03,1.957656582817435265e-03
4.078156312625250393e+03,1.951870741322636604e-03
4.088176352705410864e+03,1.945954165421426296e-03
4.098196392785571334e+03,1.939821988344192505e-03
4.108216432865731804e+03,1.933417748659849167e-03
4.118236472945892274e+03,1.926559489220380783e-03
4.128256513026051834e+03,1.919161411933600903e-03
4.138276553106212305e+03,1.911227009259164333e-03
4.148296593186372775e+03,1.902770251035690308e-03
4.158316633266533245e+03,1.893904060125350952e-03
4.168336673346693715e+03,1.885054982267320156e-03
4.178356713426854185e+03,1.876333029940724373e-03
4.188376753507013746e+03,1.868018531240522861e-03
4.198396793587174216e+03,1.860181801021099091e-03
4.208416833667334686e+03,1.852844958193600178e-03
4.218436873747495156e+03,1.845828606747090816e-03
4.228456913827655626e+03,1.839225413277745247e-03
4.238476953907816096e+03,1.832946436479687691e-03
4.248496993987975657e+03,1.826934283599257469e-03
4.258517034068136127e+03,1.821223064325749874e-03
4.268537074148296597e+03,1.815688330680131912e-03
4.278557114228457067e+03,1.810353831388056278e-03
4.288577154308617537e+03,1.805183594115078449e-03
4.298597194388778007e+03,1.800153753720223904e-03
4.308617234468937568e+03,1.795276417396962643e-03
4.318637274549098038e+03,1.790525973774492741e-03
4.328657314629258508e+03,1.785913482308387756e-03
4.338677354709418978e+03,1.781360828317701817e-03
4.348697394789579448e+03,1.776936696842312813e-03
4.358717434869739918e+03,1.772592309862375259e-03
4.368737474949899479e+03,1.768351416103541851e-03
4.378757515030059949e+03,1.764205400831997395e-03
4.388777555110220419e+03,1.760166021995246410e-03
4.398797595190380889e+03,1.756192184984683990e-03
4.408817635270541359e+03,1.752286334522068501e-03
4.418837675350701829e+03,1.748459064401686192e-03
4.428857715430861390e+03,1.744704204611480236e-03
4.438877755511021860e+03,1.740978565067052841e-03
4.448897795591182330e+03,1.737307873554527760e-03
4.458917835671342800e+03,1.733697485178709030e-03
4.468937875751503270e+03,1.730165909975767136e-03
4.478957915831663740e+03,1.726679853163659573e-03
4.488977955911823301e+03,1.723270397633314133e-03
4.498997995991983771e+03,1.719897496514022350e-03
4.509018036072144241e+03,1.716595026664435863e-03
4.519038076152304711e+03,1.713312347419559956e-03
4.529058116232465181e+03,1.710083568468689919e-03
4.539078156312625651e+03,1.706889015622437000e-03
4.549098196392786122e+03,1.703736488707363605e-03
4.559118236472945682e+03,1.700624707154929638e-03
4.569138276553106152e+03,1.697535743005573750e-03
4.579158316633266622e+03,1.694496138952672482e-03
4.589178356713427092e+03,1.691486919298768044e-03
4.599198396793587563e+03,1.688475371338427067e-03
4.609218436873748033e+03,1.685500144958496094e-03
4.619238476953907593e+03,1.682541682384908199e-03
4.629258517034068063e+03,1.679607201367616653e-03
4.639278557114228533e+03,1.676651416346430779e-03
4.649298597194389004e+03,1.673674792982637882e-03
4.659318637274549474e+03,1.670686295256018639e-03
4.669338677354709944e+03,1.667651697061955929e-03
4.679358717434869504e+03,1.664530020207166672e-03
4.689378757515029974e+03,1.661277958191931248e-03
4.699398797595190445e+03,1.657793764024972916e-03
4.709418837675350915e+03,1.653894782066345215e-03
4.719438877755511385e+03,1.649153535254299641e-03
4.729458917835671855e+03,1.642936840653419495e-03
4.739478957915831415e+03,1.633885200135409832e-03
4.749498997995991886e+03,1.621830742806196213e-03
4.759519038076152356e+03,1.609767903573811054e-03
4.769539078156312826e+03,1.599362003616988659e-03
4.779559118236473296e+03,1.590986852534115314e-03
4.789579158316633766e+03,1.583900069817900658e-03
4.799599198396793327e+03,1.577862771227955818e-03
4.809619238476953797e+03,1.572540146298706532e-03
4.819639278557114267e+03,1.567710889503359795e-03
4.829659318637274737e+03,1.563319936394691467e-03
4.839679358717435207e+03,1.559189171530306339e-03
4.849699398797595677e+03,1.555362250655889511e-03
4.859719438877755238e+03,1.551776076667010784e-03
4.869739478957915708e+03,1.548366970382630825e-03
4.879759519038076178e+03,1.545114326290786266e-03
4.889779559118236648e+03,1.541959936730563641e-03
4.899799599198397118e+03,1.538938260637223721e-03
4.909819639278557588e+03,1.536065130494534969e-03
4.919839679358717149e+03,1.533245434984564781e-03
4.929859719438877619e+03,1.530541921965777874e-03
4.939879759519038089e+03,1.527899410575628281e-03
4.949899799599198559e+03,1.525335712358355522e-03
4.959919839679359029e+03,1.522823120467364788e-03
4.969939879759519499e+03,1.520369667559862137e-03
4.979959919839679060e+03,1.517997588962316513e-03
4.989979959919839530e+03,1.515641575679183006e-03
5.000000000000000000e+03,1.513362280093133450e-03
