# n, training_loss
0.000000000000000000e+00,4.971964955329895020e-01
1.002004008016032088e+01,3.559069931507110596e-01
2.004008016032064177e+01,2.584971487522125244e-01
3.006012024048096265e+01,2.131552547216415405e-01
4.008016032064128353e+01,1.929034441709518433e-01
5.010020040080160442e+01,1.789357364177703857e-01
6.012024048096192530e+01,1.704735904932022095e-01
7.014028056112223908e+01,1.639838516712188721e-01
8.016032064128256707e+01,1.587462872266769409e-01
9.018036072144289506e+01,1.543089896440505981e-01
1.002004008016032088e+02,1.504506468772888184e-01
1.102204408817635226e+02,1.471017301082611084e-01
1.202404809619238506e+02,1.441205143928527832e-01
1.302605210420841786e+02,1.413190662860870361e-01
1.402805611222444782e+02,1.386547833681106567e-01
1.503006012024048061e+02,1.360571980476379395e-01
1.603206412825651341e+02,1.334993243217468262e-01
1.703406813627254621e+02,1.310126483440399170e-01
1.803607214428857901e+02,1.286549270153045654e-01
1.903807615230460897e+02,1.263841092586517334e-01
2.004008016032064177e+02,1.241891011595726013e-01
2.104208416833667457e+02,1.221075952053070068e-01
2.204408817635270452e+02,1.201118156313896179e-01
2.304609218436873732e+02,1.181751713156700134e-01
2.404809619238477012e+02,1.163286119699478149e-01
2.505010020040080292e+02,1.145261004567146301e-01
2.605210420841683572e+02,1.127827167510986328e-01
2.705410821643286567e+02,1.110289543867111206e-01
2.805611222444889563e+02,1.093275174498558044e-01
2.905811623246493127e+02,1.076707392930984497e-01
3.006012024048096123e+02,1.060478016734123230e-01
3.106212424849699687e+02,1.044481173157691956e-01
3.206412825651302683e+02,1.028812527656555176e-01
3.306613226452905678e+02,1.013489291071891785e-01
3.406813627254509242e+02,9.983670711517333984e-02
3.507014028056112238e+02,9.832292795181274414e-02
3.607214428857715802e+02,9.686294198036193848e-02
3.707414829659318798e+02,9.542705863714218140e-02
3.807615230460921794e+02,9.400368481874465942e-02
3.907815631262525358e+02,9.258539229631423950e-02
4.008016032064128353e+02,9.117145091295242310e-02
4.108216432865731349e+02,8.981198817491531372e-02
4.208416833667334913e+02,8.848515897989273071e-02
4.308617234468937909e+02,8.718217909336090088e-02
4.408817635270540904e+02,8.588964492082595825e-02
4.509018036072144469e+02,8.461900055408477783e-02
4.609218436873747464e+02,8.336738497018814087e-02
4.709418837675351028e+02,8.213595300912857056e-02
4.809619238476954024e+02,8.092437684535980225e-02
4.909819639278557020e+02,7.973460853099822998e-02
5.010020040080160584e+02,7.856726646423339844e-02
5.110220440881763579e+02,7.742803543806076050e-02
5.210420841683367144e+02,7.631448656320571899e-02
5.310621242484969571e+02,7.521680742502212524e-02
5.410821643286573135e+02,7.414130866527557373e-02
5.511022044088176699e+02,7.308642566204071045e-02
5.611222444889779126e+02,7.204321026802062988e-02
5.711422845691382690e+02,7.100817561149597168e-02
5.811623246492986254e+02,6.997569650411605835e-02
5.911823647294589819e+02,6.895355135202407837e-02
6.012024048096192246e+02,6.794705986976623535e-02
6.112224448897795810e+02,6.695488095283508301e-02
6.212424849699399374e+02,6.598415225744247437e-02
6.312625250501001801e+02,6.502679735422134399e-02
6.412825651302605365e+02,6.408014148473739624e-02
6.513026052104208929e+02,6.313757598400115967e-02
6.613226452905811357e+02,6.220998615026473999e-02
6.713426853707414921e+02,6.130806729197502136e-02
6.813627254509018485e+02,6.042530387639999390e-02
6.913827655310620912e+02,5.955934897065162659e-02
7.014028056112224476e+02,5.871536955237388611e-02
7.114228456913828040e+02,5.788552388548851013e-02
7.214428857715431604e+02,5.706742033362388611e-02
7.314629258517034032e+02,5.625822022557258606e-02
7.414829659318637596e+02,5.545696988701820374e-02
7.515030060120241160e+02,5.466435104608535767e-02
7.615230460921843587e+02,5.388284847140312195e-02
7.715430861723447151e+02,5.310738459229469299e-02
7.815631262525050715e+02,5.234506353735923767e-02
7.915831663326653143e+02,5.159691721200942993e-02
8.016032064128256707e+02,5.085967853665351868e-02
8.116232464929860271e+02,5.013467743992805481e-02
8.216432865731462698e+02,4.942052438855171204e-02
8.316633266533066262e+02,4.871425405144691467e-02
8.416833667334669826e+02,4.802187532186508179e-02
8.517034068136272253e+02,4.733834043145179749e-02
8.617234468937875818e+02,4.666895046830177307e-02
8.717434869739479382e+02,4.600750282406806946e-02
8.817635270541081809e+02,4.535462707281112671e-02
8.917835671342685373e+02,4.471218585968017578e-02
9.018036072144288937e+02,4.408590868115425110e-02
9.118236472945892501e+02,4.346097260713577271e-02
9.218436873747494928e+02,4.284663498401641846e-02
9.318637274549098493e+02,4.224704205989837646e-02
9.418837675350702057e+02,4.164686426520347595e-02
9.519038076152304484e+02,4.105680808424949646e-02
9.619238476953908048e+02,4.047800973057746887e-02
9.719438877755511612e+02,3.990253806114196777e-02
9.819639278557114039e+02,3.934744372963905334e-02
9.919839679358717603e+02,3.879348188638687134e-02
1.002004008016032117e+03,3.825360164046287537e-02
1.012024048096192359e+03,3.773134946823120117e-02
1.022044088176352716e+03,3.720225766301155090e-02
1.032064128256512959e+03,3.669086843729019165e-02
1.042084168336673429e+03,3.619454428553581238e-02
1.052104208416833671e+03,3.569260239601135254e-02
1.062124248496993914e+03,3.520186245441436768e-02
1.072144288577154384e+03,3.472452238202095032e-02
1.082164328657314627e+03,3.425131365656852722e-02
1.092184368737474870e+03,3.378703445196151733e-02
1.102204408817635340e+03,3.332462906837463379e-02
1.112224448897795583e+03,3.288502246141433716e-02
1.122244488977955825e+03,3.243786096572875977e-02
1.132264529058116295e+03,3.199764341115951538e-02
1.142284569138276538e+03,3.156629949808120728e-02
1.152304609218437008e+03,3.114780224859714508e-02
1.162324649298597251e+03,3.072516433894634247e-02
1.172344689378757494e+03,3.032771684229373932e-02
1.182364729458917964e+03,2.991367131471633911e-02
1.192384769539078206e+03,2.951737307012081146e-02
1.202404809619238449e+03,2.913000434637069702e-02
1.212424849699398919e+03,2.874672226607799530e-02
1.222444889779559162e+03,2.837255597114562988e-02
1.232464929859719405e+03,2.799509279429912567e-02
1.242484969939879875e+03,2.762293629348278046e-02
1.252505010020040118e+03,2.725816704332828522e-02
1.262525050100200360e+03,2.689768373966217041e-02
1.272545090180360830e+03,2.654069289565086365e-02
1.282565130260521073e+03,2.618952654302120209e-02
1.292585170340681316e+03,2.584426850080490112e-02
1.302605210420841786e+03,2.550267241895198822e-02
1.312625250501002029e+03,2.516427449882030487e-02
1.322645290581162271e+03,2.484080567955970764e-02
1.332665330661322741e+03,2.451563067734241486e-02
1.342685370741482984e+03,2.419143356382846832e-02
1.352705410821643227e+03,2.388638257980346680e-02
1.362725450901803697e+03,2.357238344848155975e-02
1.372745490981963940e+03,2.328013256192207336e-02
1.382765531062124182e+03,2.297847531735897064e-02
1.392785571142284653e+03,2.268445305526256561e-02
1.402805611222444895e+03,2.240137942135334015e-02
1.412825651302605138e+03,2.211460284888744354e-02
1.422845691382765608e+03,2.183728851377964020e-02
1.432865731462925851e+03,2.156584709882736206e-02
1.442885771543086321e+03,2.130102925002574921e-02
1.452905811623246564e+03,2.104697562754154205e-02
1.462925851703406806e+03,2.078359201550483704e-02
1.472945891783567276e+03,2.053239941596984863e-02
1.482965931863727519e+03,2.028838917613029480e-02
1.492985971943887762e+03,2.003749459981918335e-02
1.503006012024048232e+03,1.979922875761985779e-02
1.513026052104208475e+03,1.955669932067394257e-02
1.523046092184368717e+03,1.931624673306941986e-02
1.533066132264529188e+03,1.907813362777233124e-02
1.543086172344689430e+03,1.883562095463275909e-02
1.553106212424849673e+03,1.859803497791290283e-02
1.563126252505010143e+03,1.837140507996082306e-02
1.573146292585170386e+03,1.813953742384910583e-02
1.583166332665330629e+03,1.792078278958797455e-02
1.593186372745491099e+03,1.771315000951290131e-02
1.603206412825651341e+03,1.750262454152107239e-02
1.613226452905811584e+03,1.730719394981861115e-02
1.623246492985972054e+03,1.710495352745056152e-02
1.633266533066132297e+03,1.691288687288761139e-02
1.643286573146292540e+03,1.672187261283397675e-02
1.653306613226453010e+03,1.653206534683704376e-02
1.663326653306613252e+03,1.634804904460906982e-02
1.673346693386773495e+03,1.616875641047954559e-02
1.683366733466933965e+03,1.599034108221530914e-02
1.693386773547094208e+03,1.580925285816192627e-02
1.703406813627254451e+03,1.563997752964496613e-02
1.713426853707414921e+03,1.546281389892101288e-02
1.723446893787575164e+03,1.529767923057079315e-02
1.733466933867735406e+03,1.512469910085201263e-02
1.743486973947895876e+03,1.495962403714656830e-02
1.753507014028056119e+03,1.478589512407779694e-02
1.763527054108216362e+03,1.461727451533079147e-02
1.773547094188376832e+03,1.444518007338047028e-02
1.783567134268537075e+03,1.428395416587591171e-02
1.793587174348697545e+03,1.412140764296054840e-02
1.803607214428857787e+03,1.396295428276062012e-02
1.813627254509018030e+03,1.380707975476980209e-02
1.823647294589178500e+03,1.365435309708118439e-02
1.833667334669338743e+03,1.350327115505933762e-02
1.843687374749498986e+03,1.335801091045141220e-02
1.853707414829659456e+03,1.321031525731086731e-02
1.863727454909819699e+03,1.306316256523132324e-02
1.873747494989979941e+03,1.292224600911140442e-02
1.883767535070140411e+03,1.278273947536945343e-02
1.893787575150300654e+03,1.264166086912155151e-02
1.903807615230460897e+03,1.250941120088100433e-02
1.913827655310621367e+03,1.237464416772127151e-02
1.923847695390781610e+03,1.224046666175127029e-02
1.933867735470941852e+03,1.210709102451801300e-02
1.943887775551102322e+03,1.197618059813976288e-02
1.953907815631262565e+03,1.184859126806259155e-02
1.963927855711422808e+03,1.172573864459991455e-02
1.973947895791583278e+03,1.159979589283466339e-02
1.983967935871743521e+03,1.147873420268297195e-02
1.993987975951903763e+03,1.135836448520421982e-02
2.004008016032064234e+03,1.124218571931123734e-02
2.014028056112224476e+03,1.112609263509511948e-02
2.024048096192384719e+03,1.100875716656446457e-02
2.034068136272545189e+03,1.089503616094589233e-02
2.044088176352705432e+03,1.077874097973108292e-02
2.054108216432865902e+03,1.065883040428161621e-02
2.064128256513025917e+03,1.054129656404256821e-02
2.074148296593186387e+03,1.042103860527276993e-02
2.084168336673346857e+03,1.030695810914039612e-02
2.094188376753506873e+03,1.019749138504266739e-02
2.104208416833667343e+03,1.008881535381078720e-02
2.114228456913827813e+03,9.982554242014884949e-03
2.124248496993987828e+03,9.878888726234436035e-03
2.134268537074148298e+03,9.776074439287185669e-03
2.144288577154308769e+03,9.674015454947948456e-03
2.154308617234468784e+03,9.574511088430881500e-03
2.164328657314629254e+03,9.474544785916805267e-03
2.174348697394789724e+03,9.375572204589843750e-03
2.184368737474949739e+03,9.276555851101875305e-03
2.194388777555110210e+03,9.176920168101787567e-03
2.204408817635270680e+03,9.076430462300777435e-03
2.214428857715430695e+03,8.978652767837047577e-03
2.224448897795591165e+03,8.883288130164146423e-03
2.234468937875751635e+03,8.792950771749019623e-03
2.244488977955911650e+03,8.704925887286663055e-03
2.254509018036072121e+03,8.619114756584167480e-03
2.264529058116232591e+03,8.534935303032398224e-03
2.274549098196393061e+03,8.451954461634159088e-03
2.284569138276553076e+03,8.370767347514629364e-03
2.294589178356713546e+03,8.290235884487628937e-03
2.304609218436874016e+03,8.211140520870685577e-03
2.314629258517034032e+03,8.133536204695701599e-03
2.324649298597194502e+03,8.055850863456726074e-03
2.334669338677354972e+03,7.979246787726879120e-03
2.344689378757514987e+03,7.903384976089000702e-03
2.354709418837675457e+03,7.827545516192913055e-03
2.364729458917835927e+03,7.752773817628622055e-03
2.374749498997995943e+03,7.678842172026634216e-03
2.384769539078156413e+03,7.604135200381278992e-03
2.394789579158316883e+03,7.529641035944223404e-03
2.404809619238476898e+03,7.455314509570598602e-03
2.414829659318637368e+03,7.381473667919635773e-03
2.424849699398797839e+03,7.308760192245244980e-03
2.434869739478957854e+03,7.238242309540510178e-03
2.444889779559118324e+03,7.169760297983884811e-03
2.454909819639278794e+03,7.103814743459224701e-03
2.464929859719438809e+03,7.038149982690811157e-03
2.474949899799599280e+03,6.973260547965764999e-03
2.484969939879759750e+03,6.908324547111988068e-03
2.494989979959919765e+03,6.841870024800300598e-03
2.505010020040080235e+03,6.773324683308601379e-03
2.515030060120240705e+03,6.702939048409461975e-03
2.525050100200400720e+03,6.634302437305450439e-03
2.535070140280561191e+03,6.569764111191034317e-03
2.545090180360721661e+03,6.508816499263048172e-03
2.555110220440881676e+03,6.450377870351076126e-03
2.565130260521042146e+03,6.393506191670894623e-03
2.575150300601202616e+03,6.337733473628759384e-03
2.585170340681362632e+03,6.282792892307043076e-03
2.595190380761523102e+03,6.229019723832607269e-03
2.605210420841683572e+03,6.175129674375057220e-03
2.615230460921843587e+03,6.121705751866102219e-03
2.625250501002004057e+03,6.069085095077753067e-03
2.635270541082164527e+03,6.016923580318689346e-03
2.645290581162324543e+03,5.965225398540496826e-03
2.655310621242485013e+03,5.914509762078523636e-03
2.665330661322645483e+03,5.864541977643966675e-03
2.675350701402805498e+03,5.815556738525629044e-03
2.685370741482965968e+03,5.767427850514650345e-03
2.695390781563126438e+03,5.719944369047880173e-03
2.705410821643286454e+03,5.672626662999391556e-03
2.715430861723446924e+03,5.626216530799865723e-03
2.725450901803607394e+03,5.579391028732061386e-03
2.735470941883767409e+03,5.533365067094564438e-03
2.745490981963927879e+03,5.488272756338119507e-03
2.755511022044088350e+03,5.444764159619808197e-03
2.765531062124248365e+03,5.402650218456983566e-03
2.775551102204408835e+03,5.361848976463079453e-03
2.785571142284569305e+03,5.322259385138750076e-03
2.795591182364729320e+03,5.283909384161233902e-03
2.805611222444889790e+03,5.246457643806934357e-03
2.815631262525050261e+03,5.209925584495067596e-03
2.825651302605210276e+03,5.174083169549703598e-03
2.835671342685370746e+03,5.139145534485578537e-03
2.845691382765531216e+03,5.104662850499153137e-03
2.855711422845691231e+03,5.070606712251901627e-03
2.865731462925851702e+03,5.037416238337755203e-03
2.875751503006012172e+03,5.004683509469032288e-03
2.885771543086172642e+03,4.972382914274930954e-03
2.895791583166332657e+03,4.940685816109180450e-03
2.905811623246493127e+03,4.909291397780179977e-03
2.915831663326653597e+03,4.878449253737926483e-03
2.925851703406813613e+03,4.848144948482513428e-03
2.935871743486974083e+03,4.817786160856485367e-03
2.945891783567134553e+03,4.787990357726812363e-03
2.955911823647294568e+03,4.758409224450588226e-03
2.965931863727455038e+03,4.729223903268575668e-03
2.975951903807615508e+03,4.700497258454561234e-03
2.985971943887775524e+03,4.672089591622352600e-03
2.995991983967935994e+03,4.643921274691820145e-03
3.006012024048096464e+03,4.615864250808954239e-03
3.016032064128256479e+03,4.588251467794179916e-03
3.026052104208416949e+03,4.560847766697406769e-03
3.036072144288577420e+03,4.533770959824323654e-03
3.046092184368737435e+03,4.507108125835657120e-03
3.056112224448897905e+03,4.480507224798202515e-03
3.066132264529058375e+03,4.454219248145818710e-03
3.076152304609218390e+03,4.428117536008358002e-03
3.086172344689378860e+03,4.402330145239830017e-03
3.096192384769539331e+03,4.376670345664024353e-03
3.106212424849699346e+03,4.351405426859855652e-03
3.116232464929859816e+03,4.326284397393465042e-03
3.126252505010020286e+03,4.301361273974180222e-03
3.136272545090180301e+03,4.276757128536701202e-03
3.146292585170340772e+03,4.252251703292131424e-03
3.156312625250501242e+03,4.227989818900823593e-03
3.166332665330661257e+03,4.203748889267444611e-03
3.176352705410821727e+03,4.179604351520538330e-03
3.186372745490982197e+03,4.155633039772510529e-03
3.196392785571142213e+03,4.131757188588380814e-03
3.206412825651302683e+03,4.108154680579900742e-03
3.216432865731463153e+03,4.084547050297260284e-03
3.226452905811623168e+03,4.061147104948759079e-03
3.236472945891783638e+03,4.037894308567047119e-03
3.246492985971944108e+03,4.014594946056604385e-03
3.256513026052104124e+03,3.991632256656885147e-03
3.266533066132264594e+03,3.968670498579740524e-03
3.276553106212425064e+03,3.945307806134223938e-03
3.286573146292585079e+03,3.921960014849901199e-03
3.296593186372745549e+03,3.898366820067167282e-03
3.306613226452906019e+03,3.874021116644144058e-03
3.316633266533066035e+03,3.848749911412596703e-03
3.326653306613226505e+03,3.822425147518515587e-03
3.336673346693386975e+03,3.793814918026328087e-03
3.346693386773546990e+03,3.763636806979775429e-03
3.356713426853707460e+03,3.733359975740313530e-03
3.366733466933867930e+03,3.704330418258905411e-03
3.376753507014027946e+03,3.676377935335040092e-03
3.386773547094188416e+03,3.649837570264935493e-03
3.396793587174348886e+03,3.624444594606757164e-03
3.406813627254508901e+03,3.600205993279814720e-03
3.416833667334669371e+03,3.576979739591479301e-03
3.426853707414829842e+03,3.554814495146274567e-03
3.436873747494989857e+03,3.533458802849054337e-03
3.446893787575150327e+03,3.512444673106074333e-03
3.456913827655310797e+03,3.492302261292934418e-03
3.466933867735470812e+03,3.472579177469015121e-03
3.476953907815631283e+03,3.453766694292426109e-03
3.486973947895791753e+03,3.435348160564899445e-03
3.496993987975951768e+03,3.417278174310922623e-03
3.507014028056112238e+03,3.399879438802599907e-03
3.517034068136272708e+03,3.382742404937744141e-03
3.527054108216432724e+03,3.366055665537714958e-03
3.537074148296593194e+03,3.349801525473594666e-03
3.547094188376753664e+03,3.333989065140485764e-03
3.557114228456914134e+03,3.318620612844824791e-03
3.567134268537074149e+03,3.303453559055924416e-03
3.577154308617234619e+03,3.288420150056481361e-03
3.587174348697395089e+03,3.273697569966316223e-03
3.597194388777555105e+03,3.259370336309075356e-03
3.607214428857715575e+03,3.245360916480422020e-03
3.617234468937876045e+03,3.231642069295048714e-03
3.627254509018036060e+03,3.218344179913401604e-03
3.637274549098196530e+03,3.205104032531380653e-03
3.647294589178357000e+03,3.192317439243197441e-03
3.657314629258517016e+03,3.179747611284255981e-03
3.667334669338677486e+03,3.167307702824473381e-03
3.677354709418837956e+03,3.155098063871264458e-03
3.687374749498997971e+03,3.143199486657977104e-03
3.697394789579158441e+03,3.131453180685639381e-03
3.707414829659318912e+03,3.119870088994503021e-03
3.717434869739478927e+03,3.108558943495154381e-03
3.727454909819639397e+03,3.097342327237129211e-03
3.737474949899799867e+03,3.086366457864642143e-03
3.747494989979959882e+03,3.075516084209084511e-03
3.757515030060120353e+03,3.064789110794663429e-03
3.767535070140280823e+03,3.054299624636769295e-03
3.777555110220440838e+03,3.043873934075236320e-03
3.787575150300601308e+03,3.033697139471769333e-03
3.797595190380761778e+03,3.023487515747547150e-03
3.807615230460921794e+03,3.013410838320851326e-03
3.817635270541082264e+03,3.003434045240283012e-03
3.827655310621242734e+03,2.993483562022447586e-03
3.837675350701402749e+03,2.983641112223267555e-03
3.847695390781563219e+03,2.973720896989107132e-03
3.857715430861723689e+03,2.963840961456298828e-03
3.867735470941883705e+03,2.953801071271300316e-03
3.877755511022044175e+03,2.943698549643158913e-03
3.887775551102204645e+03,2.933199750259518623e-03
3.897795591182364660e+03,2.922264859080314636e-03
3.907815631262525130e+03,2.910466864705085754e-03
3.917835671342685600e+03,2.897226484492421150e-03
3.927855711422845616e+03,2.881802152842283249e-03
3.937875751503006086e+03,2.862601540982723236e-03
3.947895791583166556e+03,2.838385757058858871e-03
3.957915831663326571e+03,2.809858415275812149e-03
3.967935871743487041e+03,2.781538525596261024e-03
3.977955911823647511e+03,2.758506685495376587e-03
3.987975951903807527e+03,2.740356139838695526e-03
3.997995991983967997e+03,2.725542522966861725e-03
4.008016032064128467e+03,2.712552668526768684e-03
4.018036072144288482e+03,2.700857818126678467e-03
4.028056112224448952e+03,2.690095221623778343e-03
4.038076152304609423e+03,2.679992001503705978e-03
4.048096192384769438e+03,2.670337678864598274e-03
4.058116232464929908e+03,2.661151112988591194e-03
4.068136272545090378e+03,2.652297494933009148e-03
4.078156312625250393e+03,2.643763087689876556e-03
4.088176352705410864e+03,2.635490382090210915e-03
4.098196392785571334e+03,2.627415582537651062e-03
4.108216432865731804e+03,2.619603648781776428e-03
4.118236472945892274e+03,2.611980075016617775e-03
4.128256513026051834e+03,2.604408189654350281e-03
4.138276553106212305e+03,2.597056096419692039e-03
4.148296593186372775e+03,2.589841373264789581e-03
4.158316633266533245e+03,2.582754241302609444e-03
4.168336673346693715e+03,2.575753023847937584e-03
4.178356713426854185e+03,2.568833064287900925e-03
4.188376753507013746e+03,2.561975503340363503e-03
4.198396793587174216e+03,2.555110258981585503e-03
4.208416833667334686e+03,2.548247342929244041e-03
4.218436873747495156e+03,2.541279653087258339e-03
4.228456913827655626e+03,2.534171566367149353e-03
4.238476953907816096e+03,2.526724943891167641e-03
4.248496993987975657e+03,2.518664812669157982e-03
4.258517034068136127e+03,2.509294776245951653e-03
4.268537074148296597e+03,2.497278153896331787e-03
4.278557114228457067e+03,2.480448456481099129e-03
4.288577154308617537e+03,2.461674390360713005e-03
4.298597194388778007e+03,2.445621415972709656e-03
4.308617234468937568e+03,2.432994544506072998e-03
4.318637274549098038e+03,2.422676887363195419e-03
4.328657314629258508e+03,2.413797192275524139e-03
4.338677354709418978e+03,2.405758015811443329e-03
4.348697394789579448e+03,2.398298354819417000e-03
4.358717434869739918e+03,2.391354180872440338e-03
4.368737474949899479e+03,2.384748077020049095e-03
4.378757515030059949e+03,2.378412988036870956e-03
4.388777555110220419e+03,2.372265094891190529e-03
4.398797595190380889e+03,2.366264583542943001e-03
4.408817635270541359e+03,2.360414247959852219e-03
4.418837675350701829e+03,2.354646800085902214e-03
4.428857715430861390e+03,2.348964335396885872e-03
4.438877755511021860e+03,2.343267900869250298e-03
4.448897795591182330e+03,2.337548881769180298e-03
4.458917835671342800e+03,2.331758383661508560e-03
4.468937875751503270e+03,2.325786510482430458e-03
4.478957915831663740e+03,2.319608815014362335e-03
4.488977955911823301e+03,2.312990836799144745e-03
4.498997995991983771e+03,2.305556787177920341e-03
4.509018036072144241e+03,2.296812366694211960e-03
4.519038076152304711e+03,2.286385744810104370e-03
4.529058116232465181e+03,2.274508588016033173e-03
4.539078156312625651e+03,2.262578113004565239e-03
4.549098196392786122e+03,2.251625759527087212e-03
4.559118236472945682e+03,2.241933019831776619e-03
4.569138276553106152e+03,2.233067760244011879e-03
4.579158316633266622e+03,2.224828349426388741e-03
4.589178356713427092e+03,2.215795917436480522e-03
4.599198396793587563e+03,2.194831147789955139e-03
4.609218436873748033e+03,2.138369716703891754e-03
4.619238476953907593e+03,2.118083182722330093e-03
4.629258517034068063e+03,2.108766231685876846e-03
4.639278557114228533e+03,2.101347548887133598e-03
4.649298597194389004e+03,2.094862051308155060e-03
4.659318637274549474e+03,2.089051296934485435e-03
4.669338677354709944e+03,2.083578146994113922e-03
4.679358717434869504e+03,2.078423975035548210e-03
4.689378757515029974e+03,2.073528012260794640e-03
4.699398797595190445e+03,2.068835077807307243e-03
4.709418837675350915e+03,2.064302330836653709e-03
4.719438877755511385e+03,2.059886697679758072e-03
4.729458917835671855e+03,2.055627759546041489e-03
4.739478957915831415e+03,2.051476389169692993e-03
4.749498997995991886e+03,2.047416521236300468e-03
4.759519038076152356e+03,2.043430693447589874e-03
4.769539078156312826e+03,2.039557555690407753e-03
4.779559118236473296e+03,2.035756362602114677e-03
4.789579158316633766e+03,2.032050397247076035e-03
4.799599198396793327e+03,2.028382383286952972e-03
4.809619238476953797e+03,2.024786081165075302e-03
4.819639278557114267e+03,2.021272201091051102e-03
4.829659318637274737e+03,2.017816761508584023e-03
4.839679358717435207e+03,2.014422556385397911e-03
4.849699398797595677e+03,2.011087490245699883e-03
4.859719438877755238e+03,2.007802249863743782e-03
4.869739478957915708e+03,2.004569629207253456e-03
4.879759519038076178e+03,2.001388231292366982e-03
4.889779559118236648e+03,1.998258987441658974e-03
4.899799599198397118e+03,1.995191210880875587e-03
4.909819639278557588e+03,1.992154400795698166e-03
4.919839679358717149e+03,1.989162527024745941e-03
4.929859719438877619e+03,1.986200455576181412e-03
4.939879759519038089e+03,1.983262598514556885e-03
4.949899799599198559e+03,1.980361528694629669e-03
4.959919839679359029e+03,1.977467443794012070e-03
4.969939879759519499e+03,1.974621787667274475e-03
4.979959919839679060e+03,1.971765654161572456e-03
4.989979959919839530e+03,1.968905329704284668e-03
5.000000000000000000e+03,1.966048264876008034e-03
