# kappa, training_loss
0.000000000000000000e+00,2.503921091556549072e-01
5.465982710677462775e-01,2.396236509084701538e-01
6.937889895409101726e-01,2.359570711851119995e-01
7.824312572046496772e-01,2.332189232110977173e-01
8.460615962526876199e-01,2.205502539873123169e-01
8.957322357434127635e-01,1.966102868318557739e-01
9.364797101953331593e-01,1.721681654453277588e-01
9.710270228722077679e-01,1.541000753641128540e-01
1.001014195803149098e+00,1.332647949457168579e-01
1.027505902983703256e+00,1.116372048854827881e-01
1.051232633098942548e+00,8.280126750469207764e-02
1.072717396545236124e+00,6.543514877557754517e-02
1.092347546653356316e+00,5.649155750870704651e-02
1.110417983986649482e+00,4.164581745862960815e-02
1.127158422239247892e+00,3.415454924106597900e-02
1.142751289221362043e+00,2.595220692455768585e-02
1.157343875892839158e+00,2.592261321842670441e-02
1.171056818011483092e+00,2.093565836548805237e-02
1.183990163565912246e+00,1.686823554337024689e-02
1.196227806382955672e+00,1.459828019142150879e-02
1.207840786981726033e+00,1.139451656490564346e-02
1.218889791147550028e+00,8.892973884940147400e-03
1.229427069413384199e+00,7.817706093192100525e-03
1.239497931397755881e+00,6.089789327234029770e-03
1.249141923219553973e+00,4.835664760321378708e-03
1.258393765375012352e+00,4.028718452900648117e-03
1.267284107276597460e+00,3.199975937604904175e-03
1.275840139847672194e+00,2.666768385097384453e-03
1.284086097057565823e+00,2.377953380346298218e-03
1.292043669715308818e+00,2.212273655459284782e-03
1.299732349320964486e+00,1.516877324320375919e-03
1.307169715698477175e+00,1.416491344571113586e-03
1.314371679091508760e+00,1.091070473194122314e-03
1.321352685108514891e+00,9.966134093701839447e-04
1.328125889154992301e+00,8.532771607860922813e-04
1.334703305647047644e+00,8.195411064662039280e-04
1.341095936258817733e+00,7.357180584222078323e-04
1.347313880642501349e+00,6.760976975783705711e-04
1.353366432419210508e+00,5.841221427544951439e-04
1.359262162731158741e+00,5.882210098206996918e-04
1.365008993240611979e+00,5.231588729657232761e-04
1.370614260135808893e+00,6.508018705062568188e-04
1.376084770441408311e+00,4.485606041271239519e-04
1.381426851717722171e+00,4.189923056401312351e-04
1.386646396058843322e+00,4.015730810351669788e-04
1.391748899156880714e+00,5.405622650869190693e-04
1.396739495081702698e+00,3.455686673987656832e-04
1.401622987328003944e+00,3.405039606150239706e-04
1.406403876600330838e+00,3.001963777933269739e-04
1.411086385738904214e+00,2.849688753485679626e-04
1.415674482132192269e+00,2.832630707416683435e-04
1.420171897914331405e+00,2.613643300719559193e-04
1.424582148205026710e+00,2.434694615658372641e-04
1.428908547615276747e+00,2.393297909293323755e-04
1.433154225213092658e+00,2.063156571239233017e-04
1.437322138118475756e+00,3.763803979381918907e-04
1.441415083875610348e+00,1.995893398998305202e-04
1.445435711731916761e+00,1.853372086770832539e-04
1.449386532937860128e+00,1.826275256462395191e-04
1.453269930167793156e+00,1.763977634254842997e-04
1.457088166150340314e+00,3.316471120342612267e-04
1.460843391586594375e+00,1.492614537710323930e-04
1.464537652425511371e+00,1.480248174630105495e-04
1.468172896558121776e+00,3.065999771934002638e-04
1.471750979985396057e+00,3.041611635126173496e-04
1.475273672508656375e+00,4.761906457133591175e-04
1.478742662986215484e+00,1.224774750880897045e-04
1.482159564195322465e+00,1.231671776622533798e-04
1.485525917334453050e+00,4.491426807362586260e-04
1.488843196197408236e+00,2.752569271251559258e-04
1.492112811047514143e+00,2.738883777055889368e-04
1.495336112217414692e+00,1.095142652047798038e-04
1.498514393457456517e+00,1.061521397787146270e-04
1.501648895053443233e+00,9.915107511915266514e-05
1.504740806732564051e+00,9.306100400863215327e-05
1.507791270374537529e+00,8.244851778727024794e-05
1.510801382543428550e+00,8.680293831275776029e-05
1.513772196854185959e+00,8.209166117012500763e-05
1.516704726186686614e+00,7.597885269206017256e-05
1.519599944758921684e+00,7.684883166803047061e-05
1.522458790069946888e+00,7.158895459724590182e-05
1.525282164722291611e+00,6.734569615218788385e-05
1.528070938132694012e+00,6.992382259340956807e-05
1.530825948139268311e+00,6.669497815892100334e-05
1.533548002512546082e+00,6.569042307091876864e-05
1.536237880377202547e+00,5.956692257313989103e-05
1.538896333550733520e+00,5.971023347228765488e-05
1.541524087804834853e+00,2.299294428667053580e-04
1.544121844054781256e+00,5.502128260559402406e-05
1.546690279481677921e+00,5.276206866255961359e-05
1.549230048592085129e+00,5.459188832901418209e-05
1.551741784219156539e+00,5.360127761377952993e-05
1.554226098469131179e+00,2.184559707529842854e-04
1.556683583616710775e+00,4.724197788164019585e-05
1.559114812952609563e+00,4.651293420465663075e-05
1.561520341586299709e+00,4.675913805840536952e-05
1.563900707206772100e+00,4.262343281880021095e-05
1.566256430803918409e+00,4.336581332609057426e-05
1.568588017352953834e+00,4.188935054116882384e-05
1.570895956464130272e+00,3.979104076279327273e-05
1.573180722999833803e+00,3.872846355079673231e-05
1.575442777661006488e+00,2.081220591207966208e-04
1.577682567544710812e+00,3.830316563835367560e-05
1.579900526674517858e+00,3.577108145691454411e-05
1.582097076505297739e+00,3.542118429322727025e-05
1.584272626403879114e+00,3.421534347580745816e-05
1.586427574106949123e+00,3.404778544791042805e-05
1.588562306157473625e+00,3.256447598687373102e-05
1.590677198320839869e+00,3.139387263217940927e-05
1.592772615981833839e+00,2.015544450841844082e-04
1.594848914523511185e+00,2.941005914181005210e-05
1.596906439688937196e+00,1.991160970646888018e-04
1.598945527926718624e+00,3.009352803928777575e-05
1.600966506721192895e+00,2.786523509712424129e-05
1.602969694908082277e+00,2.747718099271878600e-05
1.604955402976377510e+00,2.731263157329522073e-05
1.606923933357161216e+00,2.746015161392278969e-05
1.608875580700046770e+00,1.959304063348099589e-04
1.610810632137863241e+00,2.505385964468587190e-05
1.612729367540182368e+00,2.508500256226398051e-05
1.614632059756242910e+00,2.387033782724756747e-05
1.616518974847807044e+00,2.353791387577075511e-05
1.618390372312438430e+00,2.312567812623456120e-05
1.620246505297676665e+00,2.408233558526262641e-05
1.622087620806545116e+00,2.305950329173356295e-05
1.623913959894812908e+00,2.097893047903198749e-05
1.625725757860404519e+00,2.061608938674908131e-05
1.627523244425326254e+00,2.121457146131433547e-05
1.629306643910466645e+00,2.021720320044551045e-05
1.631076175403597395e+00,2.136266994057223201e-05
1.632832052920894839e+00,2.030856376222800463e-05
1.634574485562275914e+00,1.867945866251830012e-05
1.636303677660833289e+00,1.830705150496214628e-05
1.638019828926635002e+00,1.887567304947879165e-05
1.639723134585140851e+00,1.827900814532767981e-05
1.641413785510480006e+00,1.765353044902440161e-05
1.643091968353810106e+00,1.644375697651412338e-05
1.644757865666981900e+00,1.780002094164956361e-05
1.646411656021707470e+00,1.700239954516291618e-05
1.648053514124429464e+00,1.861315686255693436e-04
1.649683610927077160e+00,1.858113828347995877e-04
1.651302113733883470e+00,1.622664785827510059e-05
1.652909186304428291e+00,1.503743806097190827e-05
1.654504988953072298e+00,1.578079900355078280e-05
1.656089678644924401e+00,1.563919067848473787e-05
1.657663409088493633e+00,1.493761192250531167e-05
1.659226330825157358e+00,1.514893847343046218e-05
1.660778591315580810e+00,1.403056285198545083e-05
1.662320335023204754e+00,1.394508399243932217e-05
1.663851703494927170e+00,1.444531517336145043e-05
1.665372835439087762e+00,1.381497531838249415e-05
1.666883866800862979e+00,1.402651560056256130e-05
1.668384930835173030e+00,1.367678487440571189e-05
1.669876158177203029e+00,1.339760183327598497e-05
1.671357676910625090e+00,1.266895469598239288e-05
1.672829612633616403e+00,1.273959696845849976e-05
1.674292088522754796e+00,1.268415417143842205e-05
1.675745225394874582e+00,1.815812865970656276e-04
1.677189141766959102e+00,1.178114325739443302e-05
1.678623953914146316e+00,1.209843048854963854e-05
1.680049775925915867e+00,1.139883534051477909e-05
1.681466719760528861e+00,1.810298999771475792e-04
1.682874895297779450e+00,1.063854415406240150e-05
1.684274410390128818e+00,1.095773859560722485e-05
1.685665370912272643e+00,1.099705605156486854e-05
1.687047880809205758e+00,1.105555111280409619e-05
1.688422042142831980e+00,1.097573385777650401e-05
1.689787955137179720e+00,1.105445335269905627e-05
1.691145718222264005e+00,1.037759830069262534e-05
1.692495428076651320e+00,1.012384382192976773e-05
1.693837179668767234e+00,9.909851542033720762e-06
1.695171066296994100e+00,1.791250251699239016e-04
1.696497179628601470e+00,9.591302841727156192e-06
1.697815609737546305e+00,9.281408893002662808e-06
1.699126445141186936e+00,1.785202184692025185e-04
1.700429772835944098e+00,9.102802323468495160e-06
1.701725678331947211e+00,8.932029231800697744e-06
1.703014245686699013e+00,8.736076779314316809e-06
1.704295557537793826e+00,8.770182830630801618e-06
1.705569695134717678e+00,8.034253369260113686e-06
1.706836738369765794e+00,1.781395694706588984e-04
1.708096765808100992e+00,8.621036613476462662e-06
1.709349854716987860e+00,8.623666872153989971e-06
1.710596081094223120e+00,8.030060598684940487e-06
1.711835519695794394e+00,1.774531265255063772e-04
1.713068244062788237e+00,8.081045962171629071e-06
1.714294326547573855e+00,8.068157512752804905e-06
1.715513838339285169e+00,7.851453119656071067e-06
1.716726849488623197e+00,7.718518645560834557e-06
1.717933428932001627e+00,7.288808319572126493e-06
1.719133644515055792e+00,7.314873982977587730e-06
1.720327563015533245e+00,6.935208602953935042e-06
1.721515250165589705e+00,7.209570412669563666e-06
1.722696770673503686e+00,7.107990313670597970e-06
1.723872188244830905e+00,6.760252745152683929e-06
1.725041565603016469e+00,1.759949518600478768e-04
1.726204964509478801e+00,6.775826477678492665e-06
1.727362445783183320e+00,6.797638889111112803e-06
1.728514069319720070e+00,6.734447197231929749e-06
1.729659894109902618e+00,6.830096481280634180e-06
