# n, training_loss
0.000000000000000000e+00,2.507120072841644287e-01
1.005025125628140792e+01,2.509185373783111572e-01
2.010050251256281584e+01,2.505970299243927002e-01
3.015075376884422553e+01,2.505074739456176758e-01
4.020100502512563168e+01,2.508950233459472656e-01
5.025125628140703782e+01,2.504524290561676025e-01
6.030150753768845107e+01,2.504764497280120850e-01
7.035175879396985010e+01,2.502478063106536865e-01
8.040201005025126335e+01,2.505158483982086182e-01
9.045226130653267660e+01,2.502067983150482178e-01
1.005025125628140756e+02,2.505496144294738770e-01
1.105527638190954889e+02,2.502713799476623535e-01
1.206030150753769021e+02,2.507193684577941895e-01
1.306532663316583012e+02,2.507961988449096680e-01
1.407035175879397002e+02,2.503514885902404785e-01
1.507537688442211277e+02,2.505287230014801025e-01
1.608040201005025267e+02,2.505194544792175293e-01
1.708542713567839257e+02,2.503439784049987793e-01
1.809045226130653532e+02,2.505005300045013428e-01
1.909547738693467522e+02,2.507146894931793213e-01
2.010050251256281513e+02,2.503652274608612061e-01
2.110552763819095787e+02,2.506765723228454590e-01
2.211055276381909778e+02,2.507043778896331787e-01
2.311557788944723768e+02,2.510167360305786133e-01
2.412060301507538043e+02,2.504303753376007080e-01
2.512562814070352033e+02,2.504330575466156006e-01
2.613065326633166023e+02,2.508978247642517090e-01
2.713567839195980014e+02,2.502625286579132080e-01
2.814070351758794004e+02,2.510573565959930420e-01
2.914572864321608563e+02,2.510224580764770508e-01
3.015075376884422553e+02,2.505744695663452148e-01
3.115577889447236544e+02,2.508082985877990723e-01
3.216080402010050534e+02,2.511370778083801270e-01
3.316582914572864524e+02,2.503391206264495850e-01
3.417085427135678515e+02,2.503763735294342041e-01
3.517587939698492505e+02,2.504982948303222656e-01
3.618090452261307064e+02,2.503079473972320557e-01
3.718592964824121054e+02,2.505374550819396973e-01
3.819095477386935045e+02,2.506799995899200439e-01
3.919597989949749035e+02,2.505049407482147217e-01
4.020100502512563025e+02,2.500589787960052490e-01
4.120603015075377016e+02,2.506998777389526367e-01
4.221105527638191575e+02,2.502590417861938477e-01
4.321608040201005565e+02,2.502280771732330322e-01
4.422110552763819555e+02,2.505470216274261475e-01
4.522613065326633546e+02,2.505689263343811035e-01
4.623115577889447536e+02,2.506452202796936035e-01
4.723618090452261526e+02,2.503576576709747314e-01
4.824120603015076085e+02,2.503884136676788330e-01
4.924623115577890076e+02,2.503063678741455078e-01
5.025125628140704066e+02,2.508158981800079346e-01
5.125628140703518056e+02,2.504971325397491455e-01
5.226130653266332047e+02,2.506477236747741699e-01
5.326633165829146037e+02,2.505084574222564697e-01
5.427135678391960028e+02,2.506756782531738281e-01
5.527638190954774018e+02,2.503022849559783936e-01
5.628140703517588008e+02,2.501248419284820557e-01
5.728643216080401999e+02,2.503655254840850830e-01
5.829145728643217126e+02,2.505016624927520752e-01
5.929648241206031116e+02,2.504482567310333252e-01
6.030150753768845107e+02,2.500805854797363281e-01
6.130653266331659097e+02,2.506615519523620605e-01
6.231155778894473087e+02,2.504383623600006104e-01
6.331658291457287078e+02,2.505995035171508789e-01
6.432160804020101068e+02,2.506271600723266602e-01
6.532663316582915058e+02,2.509201467037200928e-01
6.633165829145729049e+02,2.504947781562805176e-01
6.733668341708543039e+02,2.505945265293121338e-01
6.834170854271357030e+02,2.508529722690582275e-01
6.934673366834171020e+02,2.504325509071350098e-01
7.035175879396985010e+02,2.505737841129302979e-01
7.135678391959800138e+02,2.504659891128540039e-01
7.236180904522614128e+02,2.501531839370727539e-01
7.336683417085428118e+02,2.509492337703704834e-01
7.437185929648242109e+02,2.505037188529968262e-01
7.537688442211056099e+02,2.504392564296722412e-01
7.638190954773870089e+02,2.504648864269256592e-01
7.738693467336684080e+02,2.503175735473632812e-01
7.839195979899498070e+02,2.507906556129455566e-01
7.939698492462312061e+02,2.498892545700073242e-01
8.040201005025126051e+02,2.504634559154510498e-01
8.140703517587940041e+02,2.505359053611755371e-01
8.241206030150754032e+02,2.505187988281250000e-01
8.341708542713568022e+02,2.506299912929534912e-01
8.442211055276383149e+02,2.507705986499786377e-01
8.542713567839197140e+02,2.506571114063262939e-01
8.643216080402011130e+02,2.502972483634948730e-01
8.743718592964825120e+02,2.502198219299316406e-01
8.844221105527639111e+02,2.504988908767700195e-01
8.944723618090453101e+02,2.506037652492523193e-01
9.045226130653267091e+02,2.508634924888610840e-01
9.145728643216081082e+02,2.505490779876708984e-01
9.246231155778895072e+02,2.507917881011962891e-01
9.346733668341709063e+02,2.506698071956634521e-01
9.447236180904523053e+02,2.503584027290344238e-01
9.547738693467337043e+02,2.507086396217346191e-01
9.648241206030152171e+02,2.503822445869445801e-01
9.748743718592966161e+02,2.506287395954132080e-01
9.849246231155780151e+02,2.507555484771728516e-01
9.949748743718594142e+02,2.504979968070983887e-01
1.005025125628140813e+03,2.508401572704315186e-01
1.015075376884422212e+03,2.503351569175720215e-01
1.025125628140703611e+03,2.509699165821075439e-01
1.035175879396985010e+03,2.504281997680664062e-01
1.045226130653266409e+03,2.508161067962646484e-01
1.055276381909547808e+03,2.504155039787292480e-01
1.065326633165829207e+03,2.503816485404968262e-01
1.075376884422110606e+03,2.504906058311462402e-01
1.085427135678392006e+03,2.497907578945159912e-01
1.095477386934673405e+03,2.505866289138793945e-01
1.105527638190954804e+03,2.504851818084716797e-01
1.115577889447236203e+03,2.504351139068603516e-01
1.125628140703517602e+03,2.505750060081481934e-01
1.135678391959799001e+03,2.505931556224822998e-01
1.145728643216080400e+03,2.504625022411346436e-01
1.155778894472361799e+03,2.507800459861755371e-01
1.165829145728643425e+03,2.504066824913024902e-01
1.175879396984924824e+03,2.509000301361083984e-01
1.185929648241206223e+03,2.501679658889770508e-01
1.195979899497487622e+03,2.507538795471191406e-01
1.206030150753769021e+03,2.503752410411834717e-01
1.216080402010050420e+03,2.500252425670623779e-01
1.226130653266331819e+03,2.502509355545043945e-01
1.236180904522613218e+03,2.508918046951293945e-01
1.246231155778894617e+03,2.505356967449188232e-01
1.256281407035176017e+03,2.502954304218292236e-01
1.266331658291457416e+03,2.503596544265747070e-01
1.276381909547738815e+03,2.500607967376708984e-01
1.286432160804020214e+03,2.502094209194183350e-01
1.296482412060301613e+03,2.505480051040649414e-01
1.306532663316583012e+03,2.502554357051849365e-01
1.316582914572864411e+03,2.500739693641662598e-01
1.326633165829145810e+03,2.508472204208374023e-01
1.336683417085427209e+03,2.502379417419433594e-01
1.346733668341708608e+03,2.505342960357666016e-01
1.356783919597990007e+03,2.505326867103576660e-01
1.366834170854271406e+03,2.506987750530242920e-01
1.376884422110552805e+03,2.506922781467437744e-01
1.386934673366834204e+03,2.508642077445983887e-01
1.396984924623115603e+03,2.505667209625244141e-01
1.407035175879397002e+03,2.504394948482513428e-01
1.417085427135678628e+03,2.506430447101593018e-01
1.427135678391960028e+03,2.498689144849777222e-01
1.437185929648241427e+03,2.503498494625091553e-01
1.447236180904522826e+03,2.505674362182617188e-01
1.457286432160804225e+03,2.505411207675933838e-01
1.467336683417085624e+03,2.504003345966339111e-01
1.477386934673367023e+03,2.507111728191375732e-01
1.487437185929648422e+03,2.504348158836364746e-01
1.497487437185929821e+03,2.504909038543701172e-01
1.507537688442211220e+03,2.504643797874450684e-01
1.517587939698492619e+03,2.504521906375885010e-01
1.527638190954774018e+03,2.501208782196044922e-01
1.537688442211055417e+03,2.501913309097290039e-01
1.547738693467336816e+03,2.504639327526092529e-01
1.557788944723618215e+03,2.500168979167938232e-01
1.567839195979899614e+03,2.505662441253662109e-01
1.577889447236181013e+03,2.504197061061859131e-01
1.587939698492462412e+03,2.506586015224456787e-01
1.597989949748743811e+03,2.503059506416320801e-01
1.608040201005025210e+03,2.507331371307373047e-01
1.618090452261306609e+03,2.500020563602447510e-01
1.628140703517588008e+03,2.505001425743103027e-01
1.638190954773869407e+03,2.507968544960021973e-01
1.648241206030150806e+03,2.507191002368927002e-01
1.658291457286432205e+03,2.506267726421356201e-01
1.668341708542713604e+03,2.508017420768737793e-01
1.678391959798995231e+03,2.505638897418975830e-01
1.688442211055276630e+03,2.504890859127044678e-01
1.698492462311558029e+03,2.504291236400604248e-01
1.708542713567839428e+03,2.502512633800506592e-01
1.718592964824120827e+03,2.505822181701660156e-01
1.728643216080402226e+03,2.505658864974975586e-01
1.738693467336683625e+03,2.506310343742370605e-01
1.748743718592965024e+03,2.502205371856689453e-01
1.758793969849246423e+03,2.506051957607269287e-01
1.768844221105527822e+03,2.502817809581756592e-01
1.778894472361809221e+03,2.506802082061767578e-01
1.788944723618090620e+03,2.505303919315338135e-01
1.798994974874372019e+03,2.503728270530700684e-01
1.809045226130653418e+03,2.505519986152648926e-01
1.819095477386934817e+03,2.505719065666198730e-01
1.829145728643216216e+03,2.507334649562835693e-01
1.839195979899497615e+03,2.507488429546356201e-01
1.849246231155779014e+03,2.504656612873077393e-01
1.859296482412060413e+03,2.506916522979736328e-01
1.869346733668341813e+03,2.503431737422943115e-01
1.879396984924623212e+03,2.503213882446289062e-01
1.889447236180904611e+03,2.500898241996765137e-01
1.899497487437186010e+03,2.511639595031738281e-01
1.909547738693467409e+03,2.507351636886596680e-01
1.919597989949748808e+03,2.507319748401641846e-01
1.929648241206030434e+03,2.505773007869720459e-01
1.939698492462311833e+03,2.506065964698791504e-01
1.949748743718593232e+03,2.501170337200164795e-01
1.959798994974874631e+03,2.505452632904052734e-01
1.969849246231156030e+03,2.510099112987518311e-01
1.979899497487437429e+03,2.501888573169708252e-01
1.989949748743718828e+03,2.505559325218200684e-01
2.000000000000000000e+03,2.501543760299682617e-01
