# n, training_loss
0.000000000000000000e+00,4.990076124668121338e-01
1.002004008016032088e+01,3.068342506885528564e-01
2.004008016032064177e+01,2.628891170024871826e-01
3.006012024048096265e+01,2.228248119354248047e-01
4.008016032064128353e+01,1.924986988306045532e-01
5.010020040080160442e+01,1.742765307426452637e-01
6.012024048096192530e+01,1.644940376281738281e-01
7.014028056112223908e+01,1.577801555395126343e-01
8.016032064128256707e+01,1.525566726922988892e-01
9.018036072144289506e+01,1.479485034942626953e-01
1.002004008016032088e+02,1.437580138444900513e-01
1.102204408817635226e+02,1.399174332618713379e-01
1.202404809619238506e+02,1.363922804594039917e-01
1.302605210420841786e+02,1.330649405717849731e-01
1.402805611222444782e+02,1.299829781055450439e-01
1.503006012024048061e+02,1.270607709884643555e-01
1.603206412825651341e+02,1.243804544210433960e-01
1.703406813627254621e+02,1.218525618314743042e-01
1.803607214428857901e+02,1.194682344794273376e-01
1.903807615230460897e+02,1.172381341457366943e-01
2.004008016032064177e+02,1.151329800486564636e-01
2.104208416833667457e+02,1.130782812833786011e-01
2.204408817635270452e+02,1.110699847340583801e-01
2.304609218436873732e+02,1.091826409101486206e-01
2.404809619238477012e+02,1.073580235242843628e-01
2.505010020040080292e+02,1.055811271071434021e-01
2.605210420841683572e+02,1.038634255528450012e-01
2.705410821643286567e+02,1.021970584988594055e-01
2.805611222444889563e+02,1.005635857582092285e-01
2.905811623246493127e+02,9.893819689750671387e-02
3.006012024048096123e+02,9.737297892570495605e-02
3.106212424849699687e+02,9.583817422389984131e-02
3.206412825651302683e+02,9.435465186834335327e-02
3.306613226452905678e+02,9.291361272335052490e-02
3.406813627254509242e+02,9.150995314121246338e-02
3.507014028056112238e+02,9.013412892818450928e-02
3.607214428857715802e+02,8.878159523010253906e-02
3.707414829659318798e+02,8.745768666267395020e-02
3.807615230460921794e+02,8.616717159748077393e-02
3.907815631262525358e+02,8.489128202199935913e-02
4.008016032064128353e+02,8.364030718803405762e-02
4.108216432865731349e+02,8.240760117769241333e-02
4.208416833667334913e+02,8.118247985839843750e-02
4.308617234468937909e+02,7.997709512710571289e-02
4.408817635270540904e+02,7.878441363573074341e-02
4.509018036072144469e+02,7.760489732027053833e-02
4.609218436873747464e+02,7.645251601934432983e-02
4.709418837675351028e+02,7.531610876321792603e-02
4.809619238476954024e+02,7.419493794441223145e-02
4.909819639278557020e+02,7.307116687297821045e-02
5.010020040080160584e+02,7.195074111223220825e-02
5.110220440881763579e+02,7.084273546934127808e-02
5.210420841683367144e+02,6.974513828754425049e-02
5.310621242484969571e+02,6.865310668945312500e-02
5.410821643286573135e+02,6.755903363227844238e-02
5.511022044088176699e+02,6.647662073373794556e-02
5.611222444889779126e+02,6.540299952030181885e-02
5.711422845691382690e+02,6.433632969856262207e-02
5.811623246492986254e+02,6.327786296606063843e-02
5.911823647294589819e+02,6.223769485950469971e-02
6.012024048096192246e+02,6.121723726391792297e-02
6.112224448897795810e+02,6.021063402295112610e-02
6.212424849699399374e+02,5.922009423375129700e-02
6.312625250501001801e+02,5.824499577283859253e-02
6.412825651302605365e+02,5.728431418538093567e-02
6.513026052104208929e+02,5.633747577667236328e-02
6.613226452905811357e+02,5.540187284350395203e-02
6.713426853707414921e+02,5.447725206613540649e-02
6.813627254509018485e+02,5.356325581669807434e-02
6.913827655310620912e+02,5.266560241580009460e-02
7.014028056112224476e+02,5.178762227296829224e-02
7.114228456913828040e+02,5.092841386795043945e-02
7.214428857715431604e+02,5.008928105235099792e-02
7.314629258517034032e+02,4.926984012126922607e-02
7.414829659318637596e+02,4.846389219164848328e-02
7.515030060120241160e+02,4.767538607120513916e-02
7.615230460921843587e+02,4.689897596836090088e-02
7.715430861723447151e+02,4.614599794149398804e-02
7.815631262525050715e+02,4.539864882826805115e-02
7.915831663326653143e+02,4.467105120420455933e-02
8.016032064128256707e+02,4.396117106080055237e-02
8.116232464929860271e+02,4.326788336038589478e-02
8.216432865731462698e+02,4.259416460990905762e-02
8.316633266533066262e+02,4.192448034882545471e-02
8.416833667334669826e+02,4.127243161201477051e-02
8.517034068136272253e+02,4.063947126269340515e-02
8.617234468937875818e+02,4.002129659056663513e-02
8.717434869739479382e+02,3.941161930561065674e-02
8.817635270541081809e+02,3.881820663809776306e-02
8.917835671342685373e+02,3.824248537421226501e-02
9.018036072144288937e+02,3.767010569572448730e-02
9.118236472945892501e+02,3.711566701531410217e-02
9.218436873747494928e+02,3.656990453600883484e-02
9.318637274549098493e+02,3.604437038302421570e-02
9.418837675350702057e+02,3.552107512950897217e-02
9.519038076152304484e+02,3.501019254326820374e-02
9.619238476953908048e+02,3.450550884008407593e-02
9.719438877755511612e+02,3.401190415024757385e-02
9.819639278557114039e+02,3.352497890591621399e-02
9.919839679358717603e+02,3.305440768599510193e-02
1.002004008016032117e+03,3.258314356207847595e-02
1.012024048096192359e+03,3.212385997176170349e-02
1.022044088176352716e+03,3.168165311217308044e-02
1.032064128256512959e+03,3.123622387647628784e-02
1.042084168336673429e+03,3.081435523927211761e-02
1.052104208416833671e+03,3.038494847714900970e-02
1.062124248496993914e+03,2.998234517872333527e-02
1.072144288577154384e+03,2.956849150359630585e-02
1.082164328657314627e+03,2.917406708002090454e-02
1.092184368737474870e+03,2.878190390765666962e-02
1.102204408817635340e+03,2.841217629611492157e-02
1.112224448897795583e+03,2.803164906799793243e-02
1.122244488977955825e+03,2.765583805739879608e-02
1.132264529058116295e+03,2.729132771492004395e-02
1.142284569138276538e+03,2.693426422774791718e-02
1.152304609218437008e+03,2.657481096684932709e-02
1.162324649298597251e+03,2.623502165079116821e-02
1.172344689378757494e+03,2.589133381843566895e-02
1.182364729458917964e+03,2.554829791188240051e-02
1.192384769539078206e+03,2.521827630698680878e-02
1.202404809619238449e+03,2.488856762647628784e-02
1.212424849699398919e+03,2.456443943083286285e-02
1.222444889779559162e+03,2.424153685569763184e-02
1.232464929859719405e+03,2.392267808318138123e-02
1.242484969939879875e+03,2.360611781477928162e-02
1.252505010020040118e+03,2.329786121845245361e-02
1.262525050100200360e+03,2.298856526613235474e-02
1.272545090180360830e+03,2.269038930535316467e-02
1.282565130260521073e+03,2.240332402288913727e-02
1.292585170340681316e+03,2.211443521082401276e-02
1.302605210420841786e+03,2.183737419545650482e-02
1.312625250501002029e+03,2.155976556241512299e-02
1.322645290581162271e+03,2.128628455102443695e-02
1.332665330661322741e+03,2.101969905197620392e-02
1.342685370741482984e+03,2.076210267841815948e-02
1.352705410821643227e+03,2.050166949629783630e-02
1.362725450901803697e+03,2.025878056883811951e-02
1.372745490981963940e+03,2.001426741480827332e-02
1.382765531062124182e+03,1.976871304214000702e-02
1.392785571142284653e+03,1.953679323196411133e-02
1.402805611222444895e+03,1.930093765258789062e-02
1.412825651302605138e+03,1.908033341169357300e-02
1.422845691382765608e+03,1.884996891021728516e-02
1.432865731462925851e+03,1.862442865967750549e-02
1.442885771543086321e+03,1.840360462665557861e-02
1.452905811623246564e+03,1.818529516458511353e-02
1.462925851703406806e+03,1.796937920153141022e-02
1.472945891783567276e+03,1.775235682725906372e-02
1.482965931863727519e+03,1.754594966769218445e-02
1.492985971943887762e+03,1.733434759080410004e-02
1.503006012024048232e+03,1.713853143155574799e-02
1.513026052104208475e+03,1.693939790129661560e-02
1.523046092184368717e+03,1.674455031752586365e-02
1.533066132264529188e+03,1.655146852135658264e-02
1.543086172344689430e+03,1.636201515793800354e-02
1.553106212424849673e+03,1.617703400552272797e-02
1.563126252505010143e+03,1.600063405930995941e-02
1.573146292585170386e+03,1.582241617143154144e-02
1.583166332665330629e+03,1.564587280154228210e-02
1.593186372745491099e+03,1.547672413289546967e-02
1.603206412825651341e+03,1.530673354864120483e-02
1.613226452905811584e+03,1.514298748224973679e-02
1.623246492985972054e+03,1.497670263051986694e-02
1.633266533066132297e+03,1.481593959033489227e-02
1.643286573146292540e+03,1.465693023055791855e-02
1.653306613226453010e+03,1.450066547840833664e-02
1.663326653306613252e+03,1.434419211000204086e-02
1.673346693386773495e+03,1.419230084866285324e-02
1.683366733466933965e+03,1.404039002954959869e-02
1.693386773547094208e+03,1.389204245060682297e-02
1.703406813627254451e+03,1.374553982168436050e-02
1.713426853707414921e+03,1.360336598008871078e-02
1.723446893787575164e+03,1.346051041036844254e-02
1.733466933867735406e+03,1.332030631601810455e-02
1.743486973947895876e+03,1.318349316716194153e-02
1.753507014028056119e+03,1.304734218865633011e-02
1.763527054108216362e+03,1.291415095329284668e-02
1.773547094188376832e+03,1.278061978518962860e-02
1.783567134268537075e+03,1.264992263168096542e-02
1.793587174348697545e+03,1.252443343400955200e-02
1.803607214428857787e+03,1.239633187651634216e-02
1.813627254509018030e+03,1.226933393627405167e-02
1.823647294589178500e+03,1.214646268635988235e-02
1.833667334669338743e+03,1.202498655766248703e-02
1.843687374749498986e+03,1.190807763487100601e-02
1.853707414829659456e+03,1.178926881402730942e-02
1.863727454909819699e+03,1.167553476989269257e-02
1.873747494989979941e+03,1.156336627900600433e-02
1.883767535070140411e+03,1.145487092435359955e-02
1.893787575150300654e+03,1.134834717959165573e-02
1.903807615230460897e+03,1.124289911240339279e-02
1.913827655310621367e+03,1.113784033805131912e-02
1.923847695390781610e+03,1.103499066084623337e-02
1.933867735470941852e+03,1.093227230012416840e-02
1.943887775551102322e+03,1.083155255764722824e-02
1.953907815631262565e+03,1.072974689304828644e-02
1.963927855711422808e+03,1.062876172363758087e-02
1.973947895791583278e+03,1.052919123321771622e-02
1.983967935871743521e+03,1.043257210403680801e-02
1.993987975951903763e+03,1.033593621104955673e-02
2.004008016032064234e+03,1.024106610566377640e-02
2.014028056112224476e+03,1.014809776097536087e-02
2.024048096192384719e+03,1.005589403212070465e-02
2.034068136272545189e+03,9.964365512132644653e-03
2.044088176352705432e+03,9.873555973172187805e-03
2.054108216432865902e+03,9.779551066458225250e-03
2.064128256513025917e+03,9.684454649686813354e-03
2.074148296593186387e+03,9.589450433850288391e-03
2.084168336673346857e+03,9.497188962996006012e-03
2.094188376753506873e+03,9.408795274794101715e-03
2.104208416833667343e+03,9.322158060967922211e-03
2.114228456913827813e+03,9.236694313585758209e-03
2.124248496993987828e+03,9.151405654847621918e-03
2.134268537074148298e+03,9.065638296306133270e-03
2.144288577154308769e+03,8.979824371635913849e-03
2.154308617234468784e+03,8.894825354218482971e-03
2.164328657314629254e+03,8.810652419924736023e-03
2.174348697394789724e+03,8.727706037461757660e-03
2.184368737474949739e+03,8.645167574286460876e-03
2.194388777555110210e+03,8.562591858208179474e-03
2.204408817635270680e+03,8.480845950543880463e-03
2.214428857715430695e+03,8.400659076869487762e-03
2.224448897795591165e+03,8.320963941514492035e-03
2.234468937875751635e+03,8.242576383054256439e-03
2.244488977955911650e+03,8.165032602846622467e-03
2.254509018036072121e+03,8.086812682449817657e-03
2.264529058116232591e+03,8.006114512681961060e-03
2.274549098196393061e+03,7.921116426587104797e-03
2.284569138276553076e+03,7.840520702302455902e-03
2.294589178356713546e+03,7.766385562717914581e-03
2.304609218436874016e+03,7.697905879467725754e-03
2.314629258517034032e+03,7.632871158421039581e-03
2.324649298597194502e+03,7.570019457489252090e-03
2.334669338677354972e+03,7.508905138820409775e-03
2.344689378757514987e+03,7.449189200997352600e-03
2.354709418837675457e+03,7.391799706965684891e-03
2.364729458917835927e+03,7.334938738495111465e-03
2.374749498997995943e+03,7.279055658727884293e-03
2.384769539078156413e+03,7.225340232253074646e-03
2.394789579158316883e+03,7.171446457505226135e-03
2.404809619238476898e+03,7.118905428797006607e-03
2.414829659318637368e+03,7.067260798066854477e-03
2.424849699398797839e+03,7.016970776021480560e-03
2.434869739478957854e+03,6.967742927372455597e-03
2.444889779559118324e+03,6.919192615896463394e-03
2.454909819639278794e+03,6.871654652059078217e-03
2.464929859719438809e+03,6.824730895459651947e-03
2.474949899799599280e+03,6.777839735150337219e-03
2.484969939879759750e+03,6.730315275490283966e-03
2.494989979959919765e+03,6.680828053504228592e-03
2.505010020040080235e+03,6.628138013184070587e-03
2.515030060120240705e+03,6.573055870831012726e-03
2.525050100200400720e+03,6.521312519907951355e-03
2.535070140280561191e+03,6.474692374467849731e-03
2.545090180360721661e+03,6.431542336940765381e-03
2.555110220440881676e+03,6.390559487044811249e-03
2.565130260521042146e+03,6.351074669510126114e-03
2.575150300601202616e+03,6.312772165983915329e-03
2.585170340681362632e+03,6.275578867644071579e-03
2.595190380761523102e+03,6.239312700927257538e-03
2.605210420841683572e+03,6.204002536833286285e-03
2.615230460921843587e+03,6.169476546347141266e-03
2.625250501002004057e+03,6.135576870292425156e-03
2.635270541082164527e+03,6.102201994508504868e-03
2.645290581162324543e+03,6.069303955882787704e-03
2.655310621242485013e+03,6.037090439349412918e-03
2.665330661322645483e+03,6.005359813570976257e-03
2.675350701402805498e+03,5.974060390144586563e-03
2.685370741482965968e+03,5.943335127085447311e-03
2.695390781563126438e+03,5.912946537137031555e-03
2.705410821643286454e+03,5.883093457669019699e-03
2.715430861723446924e+03,5.853595212101936340e-03
2.725450901803607394e+03,5.824318155646324158e-03
2.735470941883767409e+03,5.795531440526247025e-03
2.745490981963927879e+03,5.766964051872491837e-03
2.755511022044088350e+03,5.738944280892610550e-03
2.765531062124248365e+03,5.711147096008062363e-03
2.775551102204408835e+03,5.683924071490764618e-03
2.785571142284569305e+03,5.657291505485773087e-03
2.795591182364729320e+03,5.631013773381710052e-03
2.805611222444889790e+03,5.605463404208421707e-03
2.815631262525050261e+03,5.580263677984476089e-03
2.825651302605210276e+03,5.555639509111642838e-03
2.835671342685370746e+03,5.531335249543190002e-03
2.845691382765531216e+03,5.507454741746187210e-03
2.855711422845691231e+03,5.483809858560562134e-03
2.865731462925851702e+03,5.460618529468774796e-03
2.875751503006012172e+03,5.437695886939764023e-03
2.885771543086172642e+03,5.414687562733888626e-03
2.895791583166332657e+03,5.391932092607021332e-03
2.905811623246493127e+03,5.369077902287244797e-03
2.915831663326653597e+03,5.345988553017377853e-03
2.925851703406813613e+03,5.322408862411975861e-03
2.935871743486974083e+03,5.297579802572727203e-03
2.945891783567134553e+03,5.270856432616710663e-03
2.955911823647294568e+03,5.240448284894227982e-03
2.965931863727455038e+03,5.203750915825366974e-03
2.975951903807615508e+03,5.156517028808593750e-03
2.985971943887775524e+03,5.102150607854127884e-03
2.995991983967935994e+03,5.054866429418325424e-03
3.006012024048096464e+03,5.010176915675401688e-03
3.016032064128256479e+03,4.963505081832408905e-03
3.026052104208416949e+03,4.925056360661983490e-03
3.036072144288577420e+03,4.895881749689579010e-03
3.046092184368737435e+03,4.870832897722721100e-03
3.056112224448897905e+03,4.847784992307424545e-03
3.066132264529058375e+03,4.825909622013568878e-03
3.076152304609218390e+03,4.804845433682203293e-03
3.086172344689378860e+03,4.784141201525926590e-03
3.096192384769539331e+03,4.763680044561624527e-03
3.106212424849699346e+03,4.743332508951425552e-03
3.116232464929859816e+03,4.722784738987684250e-03
3.126252505010020286e+03,4.701917059719562531e-03
3.136272545090180301e+03,4.680415149778127670e-03
3.146292585170340772e+03,4.658164456486701965e-03
3.156312625250501242e+03,4.634985700249671936e-03
3.166332665330661257e+03,4.610548727214336395e-03
3.176352705410821727e+03,4.584672395139932632e-03
3.186372745490982197e+03,4.557200241833925247e-03
3.196392785571142213e+03,4.528586752712726593e-03
3.206412825651302683e+03,4.499595146626234055e-03
3.216432865731463153e+03,4.471248015761375427e-03
3.226452905811623168e+03,4.444476682692766190e-03
3.236472945891783638e+03,4.419408272951841354e-03
3.246492985971944108e+03,4.395850934088230133e-03
3.256513026052104124e+03,4.373455885797739029e-03
3.266533066132264594e+03,4.352060146629810333e-03
3.276553106212425064e+03,4.331314470618963242e-03
3.286573146292585079e+03,4.310919903218746185e-03
3.296593186372745549e+03,4.290556535124778748e-03
3.306613226452906019e+03,4.269815515726804733e-03
3.316633266533066035e+03,4.248215816915035248e-03
3.326653306613226505e+03,4.225539974868297577e-03
3.336673346693386975e+03,4.201997537165880203e-03
3.346693386773546990e+03,4.178165458142757416e-03
3.356713426853707460e+03,4.154915455728769302e-03
3.366733466933867930e+03,4.132383503019809723e-03
3.376753507014027946e+03,4.110017791390419006e-03
3.386773547094188416e+03,4.085358232259750366e-03
3.396793587174348886e+03,4.052338190376758575e-03
3.406813627254508901e+03,4.001687280833721161e-03
3.416833667334669371e+03,3.963793162256479263e-03
3.426853707414829842e+03,3.940420690923929214e-03
3.436873747494989857e+03,3.920250106602907181e-03
3.446893787575150327e+03,3.901103977113962173e-03
3.456913827655310797e+03,3.881999989971518517e-03
3.466933867735470812e+03,3.862509969621896744e-03
3.476953907815631283e+03,3.841712139546871185e-03
3.486973947895791753e+03,3.819469828158617020e-03
3.496993987975951768e+03,3.795314114540815353e-03
3.507014028056112238e+03,3.769485745579004288e-03
3.517034068136272708e+03,3.742635017260909081e-03
3.527054108216432724e+03,3.713170997798442841e-03
3.537074148296593194e+03,3.681843867525458336e-03
3.547094188376753664e+03,3.650498110800981522e-03
3.557114228456914134e+03,3.623872762545943260e-03
3.567134268537074149e+03,3.601941280066967010e-03
3.577154308617234619e+03,3.582792356610298157e-03
3.587174348697395089e+03,3.565594553947448730e-03
3.597194388777555105e+03,3.549677319824695587e-03
3.607214428857715575e+03,3.534475341439247131e-03
3.617234468937876045e+03,3.520150668919086456e-03
3.627254509018036060e+03,3.506335429847240448e-03
3.637274549098196530e+03,3.493119729682803154e-03
3.647294589178357000e+03,3.480418119579553604e-03
3.657314629258517016e+03,3.468092065304517746e-03
3.667334669338677486e+03,3.455894533544778824e-03
3.677354709418837956e+03,3.443917958065867424e-03
3.687374749498997971e+03,3.432266181334853172e-03
3.697394789579158441e+03,3.420878900215029716e-03
3.707414829659318912e+03,3.409679513424634933e-03
3.717434869739478927e+03,3.398547414690256119e-03
3.727454909819639397e+03,3.387512639164924622e-03
3.737474949899799867e+03,3.376245964318513870e-03
3.747494989979959882e+03,3.365024225786328316e-03
3.757515030060120353e+03,3.353569889441132545e-03
3.767535070140280823e+03,3.341430565342307091e-03
3.777555110220440838e+03,3.328154794871807098e-03
3.787575150300601308e+03,3.311999142169952393e-03
3.797595190380761778e+03,3.290194319561123848e-03
3.807615230460921794e+03,3.248403547331690788e-03
3.817635270541082264e+03,3.196986624971032143e-03
3.827655310621242734e+03,3.170307260006666183e-03
3.837675350701402749e+03,3.152155084535479546e-03
3.847695390781563219e+03,3.137292340397834778e-03
3.857715430861723689e+03,3.124570474028587341e-03
3.867735470941883705e+03,3.113110316917300224e-03
3.877755511022044175e+03,3.102588932961225510e-03
3.887775551102204645e+03,3.092682221904397011e-03
3.897795591182364660e+03,3.083317540585994720e-03
3.907815631262525130e+03,3.074354492127895355e-03
3.917835671342685600e+03,3.065743716433644295e-03
3.927855711422845616e+03,3.057349706068634987e-03
3.937875751503006086e+03,3.049205522984266281e-03
3.947895791583166556e+03,3.041191026568412781e-03
3.957915831663326571e+03,3.033399814739823341e-03
3.967935871743487041e+03,3.025695914402604103e-03
3.977955911823647511e+03,3.017964540049433708e-03
3.987975951903807527e+03,3.010193118825554848e-03
3.997995991983967997e+03,3.002239856868982315e-03
4.008016032064128467e+03,2.994281239807605743e-03
4.018036072144288482e+03,2.985971746966242790e-03
4.028056112224448952e+03,2.977519994601607323e-03
4.038076152304609423e+03,2.968413522467017174e-03
4.048096192384769438e+03,2.958772005513310432e-03
4.058116232464929908e+03,2.948087407276034355e-03
4.068136272545090378e+03,2.936939243227243423e-03
4.078156312625250393e+03,2.925614826381206512e-03
4.088176352705410864e+03,2.914770273491740227e-03
4.098196392785571334e+03,2.904420951381325722e-03
4.108216432865731804e+03,2.895101904869079590e-03
4.118236472945892274e+03,2.886313246563076973e-03
4.128256513026051834e+03,2.878074301406741142e-03
4.138276553106212305e+03,2.870327327400445938e-03
4.148296593186372775e+03,2.863059518858790398e-03
4.158316633266533245e+03,2.856177045032382011e-03
4.168336673346693715e+03,2.849609125405550003e-03
4.178356713426854185e+03,2.843245631083846092e-03
4.188376753507013746e+03,2.837154082953929901e-03
4.198396793587174216e+03,2.831288613379001617e-03
4.208416833667334686e+03,2.825590549036860466e-03
4.218436873747495156e+03,2.820000518113374710e-03
4.228456913827655626e+03,2.814662642776966095e-03
4.238476953907816096e+03,2.809374593198299408e-03
4.248496993987975657e+03,2.804259536787867546e-03
4.258517034068136127e+03,2.799220848828554153e-03
4.268537074148296597e+03,2.794242464005947113e-03
4.278557114228457067e+03,2.789394930005073547e-03
4.288577154308617537e+03,2.784698503091931343e-03
4.298597194388778007e+03,2.780171809718012810e-03
4.308617234468937568e+03,2.775651635602116585e-03
4.318637274549098038e+03,2.771246014162898064e-03
4.328657314629258508e+03,2.767020836472511292e-03
4.338677354709418978e+03,2.762801945209503174e-03
4.348697394789579448e+03,2.758692251518368721e-03
4.358717434869739918e+03,2.754596760496497154e-03
4.368737474949899479e+03,2.750670071691274643e-03
4.378757515030059949e+03,2.746764104813337326e-03
4.388777555110220419e+03,2.742924261838197708e-03
4.398797595190380889e+03,2.739186398684978485e-03
4.408817635270541359e+03,2.735470188781619072e-03
4.418837675350701829e+03,2.731850370764732361e-03
4.428857715430861390e+03,2.728281309828162193e-03
4.438877755511021860e+03,2.724766498431563377e-03
4.448897795591182330e+03,2.721296157687902451e-03
4.458917835671342800e+03,2.717875177040696144e-03
4.468937875751503270e+03,2.714501693844795227e-03
4.478957915831663740e+03,2.711206441745162010e-03
4.488977955911823301e+03,2.707937965169548988e-03
4.498997995991983771e+03,2.704700687900185585e-03
4.509018036072144241e+03,2.701522782444953918e-03
4.519038076152304711e+03,2.698385855183005333e-03
4.529058116232465181e+03,2.695302944630384445e-03
4.539078156312625651e+03,2.692262642085552216e-03
4.549098196392786122e+03,2.689246088266372681e-03
4.559118236472945682e+03,2.686266321688890457e-03
4.569138276553106152e+03,2.683347789570689201e-03
4.579158316633266622e+03,2.680443692952394485e-03
4.589178356713427092e+03,2.677616197615861893e-03
4.599198396793587563e+03,2.674799179658293724e-03
4.609218436873748033e+03,2.672044793143868446e-03
4.619238476953907593e+03,2.669309731572866440e-03
4.629258517034068063e+03,2.666601911187171936e-03
4.639278557114228533e+03,2.663947409018874168e-03
4.649298597194389004e+03,2.661332488059997559e-03
4.659318637274549474e+03,2.658749697729945183e-03
4.669338677354709944e+03,2.656183438375592232e-03
4.679358717434869504e+03,2.653658622875809669e-03
4.689378757515029974e+03,2.651154063642024994e-03
4.699398797595190445e+03,2.648679306730628014e-03
4.709418837675350915e+03,2.646216889843344688e-03
4.719438877755511385e+03,2.643807325512170792e-03
4.729458917835671855e+03,2.641405211761593819e-03
4.739478957915831415e+03,2.639035461470484734e-03
4.749498997995991886e+03,2.636681078001856804e-03
4.759519038076152356e+03,2.634353702887892723e-03
4.769539078156312826e+03,2.632056828588247299e-03
4.779559118236473296e+03,2.629778813570737839e-03
4.789579158316633766e+03,2.627503825351595879e-03
4.799599198396793327e+03,2.625241409987211227e-03
4.809619238476953797e+03,2.623009961098432541e-03
4.819639278557114267e+03,2.620780840516090393e-03
4.829659318637274737e+03,2.618555910885334015e-03
4.839679358717435207e+03,2.616349840536713600e-03
4.849699398797595677e+03,2.614139113575220108e-03
4.859719438877755238e+03,2.611923497170209885e-03
4.869739478957915708e+03,2.609706018120050430e-03
4.879759519038076178e+03,2.607485977932810783e-03
4.889779559118236648e+03,2.605220302939414978e-03
4.899799599198397118e+03,2.602916443720459938e-03
4.909819639278557588e+03,2.600547391921281815e-03
4.919839679358717149e+03,2.598082181066274643e-03
4.929859719438877619e+03,2.595469588413834572e-03
4.939879759519038089e+03,2.592653268948197365e-03
4.949899799599198559e+03,2.589446259662508965e-03
4.959919839679359029e+03,2.585537498816847801e-03
4.969939879759519499e+03,2.580075059086084366e-03
4.979959919839679060e+03,2.571027725934982300e-03
4.989979959919839530e+03,2.557636937126517296e-03
5.000000000000000000e+03,2.544860122725367546e-03
