# kappa, accuracy
0.000000000000000000e+00,4.909999966621398926e-01
3.462057565923781222e-01,6.644999980926513672e-01
4.395068296032633159e-01,7.469999790191650391e-01
4.956991509609673385e-01,7.695000171661376953e-01
5.360369906858534206e-01,7.825000286102294922e-01
5.675257043910841848e-01,7.925000190734863281e-01
5.933578314635511441e-01,8.009999990463256836e-01
6.152594758960185928e-01,8.080000281333923340e-01
6.342702659669889886e-01,8.115000128746032715e-01
6.510651211591766963e-01,8.144999742507934570e-01
6.661071193575132110e-01,8.190000057220458984e-01
6.797278150935502916e-01,8.224999904632568359e-01
6.921727670203320359e-01,8.274999856948852539e-01
7.036289254815651928e-01,8.295000195503234863e-01
7.142419167819040737e-01,8.295000195503234863e-01
7.241273909979769607e-01,8.295000195503234863e-01
7.333787235650601755e-01,8.320000171661376953e-01
7.420723920485837732e-01,8.320000171661376953e-01
7.502718224938290659e-01,8.324999809265136719e-01
7.580302000527125994e-01,8.349999785423278809e-01
7.653925615257799464e-01,8.360000252723693848e-01
7.723973793132691279e-01,8.355000019073486328e-01
7.790777782593460987e-01,8.364999890327453613e-01
7.854624829820656684e-01,8.385000228881835938e-01
7.915765642932155455e-01,8.395000100135803223e-01
7.974420337651784152e-01,8.379999995231628418e-01
8.030783220717940818e-01,8.410000205039978027e-01
8.085026673443534984e-01,8.429999947547912598e-01
8.137304331217104503e-01,8.439999818801879883e-01
8.187753706769202999e-01,8.460000157356262207e-01
8.236498370039120331e-01,8.439999818801879883e-01
8.283649771643983861e-01,8.450000286102294922e-01
8.329308777664977681e-01,8.470000028610229492e-01
8.373566968915128195e-01,8.489999771118164062e-01
8.416507746769693599e-01,8.495000004768371582e-01
8.458207279121403577e-01,8.495000004768371582e-01
8.498735313419547577e-01,8.495000004768371582e-01
8.538155878592910142e-01,8.500000238418579102e-01
8.576527893595956575e-01,8.500000238418579102e-01
8.613905697099030201e-01,8.525000214576721191e-01
8.650339510275315558e-01,8.535000085830688477e-01
8.685875842575603301e-01,8.544999957084655762e-01
8.720557848716791183e-01,8.565000295639038086e-01
8.754425643757831610e-01,8.565000295639038086e-01
8.787516582032857126e-01,8.579999804496765137e-01
8.819865504805307621e-01,8.585000038146972656e-01
8.851504960759932761e-01,8.590000271797180176e-01
8.882465402831011270e-01,8.604999780654907227e-01
8.912775364350419283e-01,8.619999885559082031e-01
8.942461617069339397e-01,8.640000224113464355e-01
8.971549313246899304e-01,8.634999990463256836e-01
9.000062113695465049e-01,8.634999990463256836e-01
9.028022303415964567e-01,8.634999990463256836e-01
9.055450896239120029e-01,8.640000224113464355e-01
9.082367729703554327e-01,8.650000095367431641e-01
9.108791551243863305e-01,8.644999861717224121e-01
9.134740096626623451e-01,8.634999990463256836e-01
9.160230161456259790e-01,8.634999990463256836e-01
9.185277666472817515e-01,8.634999990463256836e-01
9.209897717277377716e-01,8.650000095367431641e-01
9.234104659046190600e-01,8.644999861717224121e-01
9.257912126729801461e-01,8.665000200271606445e-01
9.281333091176985350e-01,8.665000200271606445e-01
9.304379901574167944e-01,8.669999837875366211e-01
9.327064324547962304e-01,8.675000071525573730e-01
9.349397580240824679e-01,8.675000071525573730e-01
9.371390375636683423e-01,8.675000071525573730e-01
9.393052935384350599e-01,8.669999837875366211e-01
9.414395030340834136e-01,8.679999709129333496e-01
9.435426004033986569e-01,8.675000071525573730e-01
9.456154797223897956e-01,8.679999709129333496e-01
9.476589970724635936e-01,8.679999709129333496e-01
9.496739726632106304e-01,8.669999837875366211e-01
9.516611928089809824e-01,8.669999837875366211e-01
9.536214117711665494e-01,8.690000176429748535e-01
9.555553534769958279e-01,8.705000281333923340e-01
9.574637131246409583e-01,8.694999814033508301e-01
9.593471586835419229e-01,8.705000281333923340e-01
9.612063322980537450e-01,8.700000047683715820e-01
9.630418516017934527e-01,8.700000047683715820e-01
9.648543109494230885e-01,8.705000281333923340e-01
9.666442825720101828e-01,8.709999918937683105e-01
9.684123176615913042e-01,8.709999918937683105e-01
9.701589473900761318e-01,8.700000047683715820e-01
9.718846838672107191e-01,8.719999790191650391e-01
9.735900210419164980e-01,8.715000152587890625e-01
9.752754355509785089e-01,8.719999790191650391e-01
9.769413875187302754e-01,8.725000023841857910e-01
9.785883213110896373e-01,8.719999790191650391e-01
9.802166662470406244e-01,8.715000152587890625e-01
9.818268372704087588e-01,8.719999790191650391e-01
9.834192355845593481e-01,8.740000128746032715e-01
9.849942492524506044e-01,8.719999790191650391e-01
9.865522537642824608e-01,8.725000023841857910e-01
9.880936125748210896e-01,8.744999766349792480e-01
9.896186776123228057e-01,8.734999895095825195e-01
9.911277897608374854e-01,8.725000023841857910e-01
9.926212793175478444e-01,8.734999895095825195e-01
9.940994664266773473e-01,8.744999766349792480e-01
9.955626614913944961e-01,8.744999766349792480e-01
9.970111655650366611e-01,8.744999766349792480e-01
9.984452707228893553e-01,8.755000233650207520e-01
9.998652604156684776e-01,8.744999766349792480e-01
1.001271409805774448e+00,8.755000233650207520e-01
1.002663986087318326e+00,8.740000128746032715e-01
1.004043248790848164e+00,8.750000000000000000e-01
1.005409450073647903e+00,8.755000233650207520e-01
1.006762834996418166e+00,8.765000104904174805e-01
1.008103641787099436e+00,8.769999742507934570e-01
1.009432102092549410e+00,8.769999742507934570e-01
1.010748441218737748e+00,8.790000081062316895e-01
1.012052878360079511e+00,8.790000081062316895e-01
1.013345626818497491e+00,8.794999718666076660e-01
1.014626894212752761e+00,8.794999718666076660e-01
1.015896882678562818e+00,8.799999952316284180e-01
1.017155789059989823e+00,8.820000290870666504e-01
1.018403805092547687e+00,8.809999823570251465e-01
1.019641117578458545e+00,8.799999952316284180e-01
1.020867908554457193e+00,8.815000057220458984e-01
1.022084355452520965e+00,8.824999928474426270e-01
1.023290631253879868e+00,8.815000057220458984e-01
1.024486904636641826e+00,8.815000057220458984e-01
1.025673340117345456e+00,8.824999928474426270e-01
1.026850098186742777e+00,8.834999799728393555e-01
1.028017335440086777e+00,8.830000162124633789e-01
1.029175204702191149e+00,8.834999799728393555e-01
1.030323855147511569e+00,8.830000162124633789e-01
1.031463432415484327e+00,8.824999928474426270e-01
1.032594078721344122e+00,8.830000162124633789e-01
1.033715932962634865e+00,8.834999799728393555e-01
1.034829130821610432e+00,8.830000162124633789e-01
1.035933804863713670e+00,8.834999799728393555e-01
1.037030084632315496e+00,8.840000033378601074e-01
1.038118096739881535e+00,8.845000267028808594e-01
1.039197964955723918e+00,8.849999904632568359e-01
1.040269810290497476e+00,8.845000267028808594e-01
1.041333751077577086e+00,8.855000138282775879e-01
1.042389903051456512e+00,8.845000267028808594e-01
1.043438379423300644e+00,8.845000267028808594e-01
1.044479290953769235e+00,8.859999775886535645e-01
1.045512746023234740e+00,8.849999904632568359e-01
1.046538850699499923e+00,8.849999904632568359e-01
1.047557708803128484e+00,8.859999775886535645e-01
1.048569421970481530e+00,8.859999775886535645e-01
1.049574089714559566e+00,8.849999904632568359e-01
1.050571809483742181e+00,8.849999904632568359e-01
1.051562676718509559e+00,8.865000009536743164e-01
1.052546784906229327e+00,8.859999775886535645e-01
1.053524225634086431e+00,8.859999775886535645e-01
1.054495088640235556e+00,8.859999775886535645e-01
1.055459461863238912e+00,8.865000009536743164e-01
1.056417431489866221e+00,8.865000009536743164e-01
1.057369082001317739e+00,8.865000009536743164e-01
1.058314496217930722e+00,8.859999775886535645e-01
1.059253755342432601e+00,8.859999775886535645e-01
1.060186939001795059e+00,8.855000138282775879e-01
1.061114125287741183e+00,8.859999775886535645e-01
1.062035390795962098e+00,8.855000138282775879e-01
1.062950810664087919e+00,8.859999775886535645e-01
1.063860458608460124e+00,8.859999775886535645e-01
1.064764406959755938e+00,8.859999775886535645e-01
1.065662726697498730e+00,8.855000138282775879e-01
1.066555487483505038e+00,8.855000138282775879e-01
1.067442757694299527e+00,8.855000138282775879e-01
1.068324604452541404e+00,8.855000138282775879e-01
1.069201093657495383e+00,8.859999775886535645e-01
1.070072290014583150e+00,8.855000138282775879e-01
1.070938257064046661e+00,8.859999775886535645e-01
1.071799057208758565e+00,8.855000138282775879e-01
1.072654751741205059e+00,8.855000138282775879e-01
1.073505400869674942e+00,8.859999775886535645e-01
1.074351063743681944e+00,8.855000138282775879e-01
1.075191798478643657e+00,8.855000138282775879e-01
1.076027662179848576e+00,8.855000138282775879e-01
1.076858710965729493e+00,8.849999904632568359e-01
1.077684999990474068e+00,8.855000138282775879e-01
1.078506583465988378e+00,8.849999904632568359e-01
1.079323514683240948e+00,8.849999904632568359e-01
1.080135846033003721e+00,8.849999904632568359e-01
1.080943629026015040e+00,8.849999904632568359e-01
1.081746914312578189e+00,8.855000138282775879e-01
1.082545751701619929e+00,8.849999904632568359e-01
1.083340190179223894e+00,8.855000138282775879e-01
1.084130277926653285e+00,8.855000138282775879e-01
1.084916062337888842e+00,8.855000138282775879e-01
1.085697590036685423e+00,8.855000138282775879e-01
1.086474906893173165e+00,8.849999904632568359e-01
1.087248058040012566e+00,8.865000009536743164e-01
1.088017087888118795e+00,8.865000009536743164e-01
1.088782040141969221e+00,8.865000009536743164e-01
1.089542957814507718e+00,8.865000009536743164e-01
1.090299883241657497e+00,8.865000009536743164e-01
1.091052858096454248e+00,8.859999775886535645e-01
1.091801923402815566e+00,8.859999775886535645e-01
1.092547119548951118e+00,8.855000138282775879e-01
1.093288486300429962e+00,8.855000138282775879e-01
1.094026062812913702e+00,8.849999904632568359e-01
1.094759887644566110e+00,8.849999904632568359e-01
1.095489998768148121e+00,8.845000267028808594e-01
1.096216433582808625e+00,8.845000267028808594e-01
1.096939228925579268e+00,8.834999799728393555e-01
1.097658421082584379e+00,8.849999904632568359e-01
1.098374045799970666e+00,8.845000267028808594e-01
1.099086138294569581e+00,8.830000162124633789e-01
1.099794733264294777e+00,8.845000267028808594e-01
1.100499864898289104e+00,8.840000033378601074e-01
1.101201566886821581e+00,8.840000033378601074e-01
1.101899872430947447e+00,8.834999799728393555e-01
1.102594814251933064e+00,8.830000162124633789e-01
1.103286424600457227e+00,8.830000162124633789e-01
1.103974735265591312e+00,8.830000162124633789e-01
1.104659777583567370e+00,8.834999799728393555e-01
1.105341582446337734e+00,8.834999799728393555e-01
1.106020180309934764e+00,8.830000162124633789e-01
1.106695601202634327e+00,8.830000162124633789e-01
1.107367874732928081e+00,8.840000033378601074e-01
1.108037030097312803e+00,8.830000162124633789e-01
1.108703096087898077e+00,8.834999799728393555e-01
1.109366101099840352e+00,8.840000033378601074e-01
1.110026073138606684e+00,8.840000033378601074e-01
1.110683039827072616e+00,8.830000162124633789e-01
1.111337028412459516e+00,8.834999799728393555e-01
1.111988065773115819e+00,8.830000162124633789e-01
1.112636178425145284e+00,8.830000162124633789e-01
1.113281392528887137e+00,8.830000162124633789e-01
1.113923733895252122e+00,8.824999928474426270e-01
1.114563227991918648e+00,8.824999928474426270e-01
1.115199899949391060e+00,8.824999928474426270e-01
1.115833774566925340e+00,8.824999928474426270e-01
1.116464876318325805e+00,8.824999928474426270e-01
1.117093229357615014e+00,8.824999928474426270e-01
1.117718857524579779e+00,8.820000290870666504e-01
1.118341784350199930e+00,8.824999928474426270e-01
1.118962033061957850e+00,8.820000290870666504e-01
1.119579626589035648e+00,8.824999928474426270e-01
1.120194587567401756e+00,8.824999928474426270e-01
1.120806938344787618e+00,8.820000290870666504e-01
1.121416700985563342e+00,8.820000290870666504e-01
1.122023897275505444e+00,8.820000290870666504e-01
1.122628548726469111e+00,8.820000290870666504e-01
1.123230676580960097e+00,8.820000290870666504e-01
1.123830301816614252e+00,8.824999928474426270e-01
1.124427445150580684e+00,8.820000290870666504e-01
1.125022127043818321e+00,8.824999928474426270e-01
1.125614367705302543e+00,8.824999928474426270e-01
1.126204187096145004e+00,8.830000162124633789e-01
1.126791604933631730e+00,8.830000162124633789e-01
1.127376640695177068e+00,8.830000162124633789e-01
1.127959313622199700e+00,8.830000162124633789e-01
1.128539642723919156e+00,8.830000162124633789e-01
1.129117646781078177e+00,8.824999928474426270e-01
1.129693344349587569e+00,8.824999928474426270e-01
1.130266753764103127e+00,8.824999928474426270e-01
1.130837893141527273e+00,8.824999928474426270e-01
1.131406780384444755e+00,8.820000290870666504e-01
1.131973433184489508e+00,8.815000057220458984e-01
1.132537869025645794e+00,8.809999823570251465e-01
1.133100105187485607e+00,8.809999823570251465e-01
1.133660158748342139e+00,8.809999823570251465e-01
1.134218046588423512e+00,8.809999823570251465e-01
1.134773785392864331e+00,8.809999823570251465e-01
1.135327391654720852e+00,8.809999823570251465e-01
1.135878881677907959e+00,8.809999823570251465e-01
1.136428271580079752e+00,8.805000185966491699e-01
1.136975577295455730e+00,8.809999823570251465e-01
1.137520814577595241e+00,8.805000185966491699e-01
1.138063999002116633e+00,8.799999952316284180e-01
1.138605145969368460e+00,8.799999952316284180e-01
1.139144270707047824e+00,8.794999718666076660e-01
1.139681388272772766e+00,8.794999718666076660e-01
1.140216513556605804e+00,8.805000185966491699e-01
1.140749661283529948e+00,8.805000185966491699e-01
1.141280846015879646e+00,8.805000185966491699e-01
1.141810082155728878e+00,8.805000185966491699e-01
1.142337383947233276e+00,8.805000185966491699e-01
1.142862765478929843e+00,8.809999823570251465e-01
1.143386240685996924e+00,8.809999823570251465e-01
1.143907823352471098e+00,8.809999823570251465e-01
1.144427527113425436e+00,8.815000057220458984e-01
1.144945365457107345e+00,8.815000057220458984e-01
1.145461351727041110e+00,8.815000057220458984e-01
1.145975499124088470e+00,8.809999823570251465e-01
1.146487820708476768e+00,8.815000057220458984e-01
1.146998329401789141e+00,8.815000057220458984e-01
1.147507037988920064e+00,8.820000290870666504e-01
1.148013959119996041e+00,8.824999928474426270e-01
1.148519105312263644e+00,8.830000162124633789e-01
1.149022488951943810e+00,8.830000162124633789e-01
1.149524122296054385e+00,8.830000162124633789e-01
1.150024017474200688e+00,8.824999928474426270e-01
1.150522186490335663e+00,8.830000162124633789e-01
1.151018641224488714e+00,8.824999928474426270e-01
1.151513393434467014e+00,8.830000162124633789e-01
1.152006454757524612e+00,8.830000162124633789e-01
1.152497836712006452e+00,8.830000162124633789e-01
1.152987550698961527e+00,8.834999799728393555e-01
1.153475608003731612e+00,8.834999799728393555e-01
1.153962019797510008e+00,8.830000162124633789e-01
1.154446797138877434e+00,8.824999928474426270e-01
1.154929950975309039e+00,8.830000162124633789e-01
1.155411492144659213e+00,8.834999799728393555e-01
1.155891431376619538e+00,8.834999799728393555e-01
1.156369779294153188e+00,8.830000162124633789e-01
1.156846546414906474e+00,8.824999928474426270e-01
1.157321743152595284e+00,8.824999928474426270e-01
1.157795379818371106e+00,8.824999928474426270e-01
1.158267466622162400e+00,8.824999928474426270e-01
1.158738013673996425e+00,8.824999928474426270e-01
1.159207030985297537e+00,8.830000162124633789e-01
1.159674528470164834e+00,8.830000162124633789e-01
1.160140515946630702e+00,8.834999799728393555e-01
1.160605003137897384e+00,8.830000162124633789e-01
1.161067999673554452e+00,8.830000162124633789e-01
1.161529515090776288e+00,8.830000162124633789e-01
1.161989558835501368e+00,8.840000033378601074e-01
1.162448140263592444e+00,8.834999799728393555e-01
1.162905268641977408e+00,8.840000033378601074e-01
1.163360953149773058e+00,8.840000033378601074e-01
1.163815202879392663e+00,8.840000033378601074e-01
1.164268026837631531e+00,8.845000267028808594e-01
1.164719433946741267e+00,8.845000267028808594e-01
1.165169433045483816e+00,8.849999904632568359e-01
1.165618032890168854e+00,8.849999904632568359e-01
1.166065242155676973e+00,8.845000267028808594e-01
1.166511069436467540e+00,8.845000267028808594e-01
1.166955523247566351e+00,8.845000267028808594e-01
1.167398612025545512e+00,8.849999904632568359e-01
1.167840344129480679e+00,8.849999904632568359e-01
1.168280727841899624e+00,8.849999904632568359e-01
1.168719771369713722e+00,8.849999904632568359e-01
1.169157482845134544e+00,8.849999904632568359e-01
1.169593870326578466e+00,8.849999904632568359e-01
1.170028941799557076e+00,8.849999904632568359e-01
1.170462705177553797e+00,8.849999904632568359e-01
1.170895168302886535e+00,8.849999904632568359e-01
1.171326338947560108e+00,8.849999904632568359e-01
1.171756224814102909e+00,8.849999904632568359e-01
1.172184833536393578e+00,8.849999904632568359e-01
1.172612172680473464e+00,8.849999904632568359e-01
1.173038249745349315e+00,8.845000267028808594e-01
1.173463072163780652e+00,8.845000267028808594e-01
1.173886647303060027e+00,8.845000267028808594e-01
1.174308982465778639e+00,8.845000267028808594e-01
1.174730084890581949e+00,8.845000267028808594e-01
1.175149961752913752e+00,8.845000267028808594e-01
1.175568620165749589e+00,8.845000267028808594e-01
1.175986067180321282e+00,8.845000267028808594e-01
1.176402309786827693e+00,8.845000267028808594e-01
1.176817354915137948e+00,8.845000267028808594e-01
1.177231209435483317e+00,8.845000267028808594e-01
1.177643880159140455e+00,8.845000267028808594e-01
1.178055373839102637e+00,8.849999904632568359e-01
1.178465697170743898e+00,8.849999904632568359e-01
1.178874856792472725e+00,8.849999904632568359e-01
1.179282859286375107e+00,8.849999904632568359e-01
1.179689711178852018e+00,8.849999904632568359e-01
1.180095418941243590e+00,8.849999904632568359e-01
1.180499988990448168e+00,8.855000138282775879e-01
1.180903427689531382e+00,8.849999904632568359e-01
1.181305741348325222e+00,8.845000267028808594e-01
1.181706936224021565e+00,8.855000138282775879e-01
1.182107018521755926e+00,8.849999904632568359e-01
1.182505994395182336e+00,8.855000138282775879e-01
1.182903869947042885e+00,8.855000138282775879e-01
1.183300651229725275e+00,8.855000138282775879e-01
1.183696344245818599e+00,8.855000138282775879e-01
1.184090954948655128e+00,8.855000138282775879e-01
1.184484489242849437e+00,8.855000138282775879e-01
1.184876952984828868e+00,8.855000138282775879e-01
1.185268351983354451e+00,8.855000138282775879e-01
1.185658692000038927e+00,8.859999775886535645e-01
1.186047978749854126e+00,8.859999775886535645e-01
1.186436217901634560e+00,8.859999775886535645e-01
1.186823415078571031e+00,8.859999775886535645e-01
1.187209575858700017e+00,8.859999775886535645e-01
1.187594705775386617e+00,8.859999775886535645e-01
1.187978810317798839e+00,8.865000009536743164e-01
1.188361894931378782e+00,8.865000009536743164e-01
1.188743965018303372e+00,8.865000009536743164e-01
1.189125025937944891e+00,8.870000243186950684e-01
1.189505083007318165e+00,8.874999880790710449e-01
1.189884141501528436e+00,8.874999880790710449e-01
1.190262206654210342e+00,8.874999880790710449e-01
1.190639283657960235e+00,8.874999880790710449e-01
1.191015377664765618e+00,8.874999880790710449e-01
1.191390493786425919e+00,8.874999880790710449e-01
1.191764637094971269e+00,8.874999880790710449e-01
1.192137812623071946e+00,8.874999880790710449e-01
1.192510025364446058e+00,8.870000243186950684e-01
1.192881280274259881e+00,8.874999880790710449e-01
1.193251582269524214e+00,8.880000114440917969e-01
1.193620936229484064e+00,8.884999752044677734e-01
1.193989346996005674e+00,8.884999752044677734e-01
1.194356819373955547e+00,8.884999752044677734e-01
1.194723358131579038e+00,8.884999752044677734e-01
1.195088968000869389e+00,8.884999752044677734e-01
1.195453653677935435e+00,8.884999752044677734e-01
1.195817419823362870e+00,8.884999752044677734e-01
1.196180271062571965e+00,8.884999752044677734e-01
1.196542211986170390e+00,8.884999752044677734e-01
1.196903247150302052e+00,8.884999752044677734e-01
1.197263381076990152e+00,8.884999752044677734e-01
1.197622618254478466e+00,8.884999752044677734e-01
1.197980963137565968e+00,8.884999752044677734e-01
1.198338420147938344e+00,8.884999752044677734e-01
1.198694993674495946e+00,8.874999880790710449e-01
1.199050688073676874e+00,8.865000009536743164e-01
1.199405507669775384e+00,8.865000009536743164e-01
1.199759456755259412e+00,8.870000243186950684e-01
1.200112539591079663e+00,8.859999775886535645e-01
1.200464760406979803e+00,8.865000009536743164e-01
1.200816123401798219e+00,8.865000009536743164e-01
1.201166632743770224e+00,8.859999775886535645e-01
1.201516292570823374e+00,8.849999904632568359e-01
1.201865106990871679e+00,8.849999904632568359e-01
1.202213080082104479e+00,8.855000138282775879e-01
1.202560215893272444e+00,8.855000138282775879e-01
1.202906518443971118e+00,8.855000138282775879e-01
1.203251991724919145e+00,8.855000138282775879e-01
1.203596639698234272e+00,8.855000138282775879e-01
1.203940466297707346e+00,8.859999775886535645e-01
1.204283475429069883e+00,8.859999775886535645e-01
1.204625670970261408e+00,8.859999775886535645e-01
1.204967056771692135e+00,8.865000009536743164e-01
1.205307636656503201e+00,8.865000009536743164e-01
1.205647414420823571e+00,8.859999775886535645e-01
1.205986393834022952e+00,8.859999775886535645e-01
1.206324578638964251e+00,8.859999775886535645e-01
1.206661972552250273e+00,8.859999775886535645e-01
1.206998579264469962e+00,8.865000009536743164e-01
1.207334402440438659e+00,8.865000009536743164e-01
1.207669445719439905e+00,8.865000009536743164e-01
1.208003712715460809e+00,8.865000009536743164e-01
1.208337207017425863e+00,8.845000267028808594e-01
1.208669932189428309e+00,8.830000162124633789e-01
1.209001891770958848e+00,8.834999799728393555e-01
1.209333089277131457e+00,8.840000033378601074e-01
1.209663528198907212e+00,8.830000162124633789e-01
1.209993212003313667e+00,8.845000267028808594e-01
1.210322144133664901e+00,8.855000138282775879e-01
1.210650328009775345e+00,8.855000138282775879e-01
1.210977767028176055e+00,8.855000138282775879e-01
1.211304464562321881e+00,8.855000138282775879e-01
1.211630423962802849e+00,8.855000138282775879e-01
1.211955648557549559e+00,8.855000138282775879e-01
1.212280141652036125e+00,8.859999775886535645e-01
1.212603906529482911e+00,8.859999775886535645e-01
1.212926946451056365e+00,8.859999775886535645e-01
1.213249264656063531e+00,8.859999775886535645e-01
1.213570864362149448e+00,8.859999775886535645e-01
1.213891748765489664e+00,8.859999775886535645e-01
1.214211921040979192e+00,8.859999775886535645e-01
1.214531384342422582e+00,8.859999775886535645e-01
1.214850141802719996e+00,8.859999775886535645e-01
1.215168196534050171e+00,8.859999775886535645e-01
1.215485551628055383e+00,8.859999775886535645e-01
1.215802210156019303e+00,8.859999775886535645e-01
1.216118175169046411e+00,8.859999775886535645e-01
1.216433449698238745e+00,8.859999775886535645e-01
1.216748036754869089e+00,8.859999775886535645e-01
1.217061939330555287e+00,8.855000138282775879e-01
1.217375160397429434e+00,8.859999775886535645e-01
1.217687702908307079e+00,8.859999775886535645e-01
1.217999569796855308e+00,8.855000138282775879e-01
1.218310763977756617e+00,8.855000138282775879e-01
1.218621288346872333e+00,8.849999904632568359e-01
1.218931145781406045e+00,8.849999904632568359e-01
1.219240339140061469e+00,8.849999904632568359e-01
1.219548871263201884e+00,8.849999904632568359e-01
1.219856744973006002e+00,8.849999904632568359e-01
1.220163963073624069e+00,8.849999904632568359e-01
1.220470528351329742e+00,8.849999904632568359e-01
1.220776443574671966e+00,8.849999904632568359e-01
1.221081711494625965e+00,8.849999904632568359e-01
1.221386334844740684e+00,8.849999904632568359e-01
1.221690316341285776e+00,8.855000138282775879e-01
1.221993658683397044e+00,8.855000138282775879e-01
1.222296364553221215e+00,8.855000138282775879e-01
1.222598436616056050e+00,8.855000138282775879e-01
1.222899877520493339e+00,8.855000138282775879e-01
1.223200689898557014e+00,8.855000138282775879e-01
1.223500876365841483e+00,8.855000138282775879e-01
1.223800439521647521e+00,8.855000138282775879e-01
1.224099381949118603e+00,8.855000138282775879e-01
1.224397706215373027e+00,8.855000138282775879e-01
1.224695414871637356e+00,8.855000138282775879e-01
1.224992510453375871e+00,8.855000138282775879e-01
1.225288995480422471e+00,8.849999904632568359e-01
1.225584872457106567e+00,8.849999904632568359e-01
1.225880143872381645e+00,8.855000138282775879e-01
1.226174812199949393e+00,8.855000138282775879e-01
1.226468879898385600e+00,8.855000138282775879e-01
1.226762349411262276e+00,8.855000138282775879e-01
1.227055223167269782e+00,8.859999775886535645e-01
1.227347503580337174e+00,8.859999775886535645e-01
1.227639193049751887e+00,8.855000138282775879e-01
1.227930293960277641e+00,8.849999904632568359e-01
1.228220808682272125e+00,8.855000138282775879e-01
1.228510739571802013e+00,8.855000138282775879e-01
1.228800088970757320e+00,8.855000138282775879e-01
