# n, training_loss
0.000000000000000000e+00,3.319110274314880371e-01
1.002004008016032088e+01,2.286171913146972656e-01
2.004008016032064177e+01,1.881269067525863647e-01
3.006012024048096265e+01,1.697211712598800659e-01
4.008016032064128353e+01,1.600412279367446899e-01
5.010020040080160442e+01,1.531901061534881592e-01
6.012024048096192530e+01,1.479095369577407837e-01
7.014028056112223908e+01,1.438095867633819580e-01
8.016032064128256707e+01,1.401868909597396851e-01
9.018036072144289506e+01,1.366988271474838257e-01
1.002004008016032088e+02,1.333455890417098999e-01
1.102204408817635226e+02,1.303099691867828369e-01
1.202404809619238506e+02,1.275023967027664185e-01
1.302605210420841786e+02,1.248133033514022827e-01
1.402805611222444782e+02,1.221208721399307251e-01
1.503006012024048061e+02,1.196514144539833069e-01
1.603206412825651341e+02,1.172828972339630127e-01
1.703406813627254621e+02,1.149732321500778198e-01
1.803607214428857901e+02,1.127078384160995483e-01
1.903807615230460897e+02,1.104572787880897522e-01
2.004008016032064177e+02,1.083037331700325012e-01
2.104208416833667457e+02,1.062174290418624878e-01
2.204408817635270452e+02,1.042017787694931030e-01
2.304609218436873732e+02,1.022332981228828430e-01
2.404809619238477012e+02,1.002980992197990417e-01
2.505010020040080292e+02,9.841234982013702393e-02
2.605210420841683572e+02,9.652022272348403931e-02
2.705410821643286567e+02,9.454154223203659058e-02
2.805611222444889563e+02,9.274823963642120361e-02
2.905811623246493127e+02,9.098851680755615234e-02
3.006012024048096123e+02,8.927688002586364746e-02
3.106212424849699687e+02,8.761775493621826172e-02
3.206412825651302683e+02,8.600226044654846191e-02
3.306613226452905678e+02,8.442094177007675171e-02
3.406813627254509242e+02,8.287184685468673706e-02
3.507014028056112238e+02,8.135335892438888550e-02
3.607214428857715802e+02,7.986675947904586792e-02
3.707414829659318798e+02,7.841322571039199829e-02
3.807615230460921794e+02,7.699131220579147339e-02
3.907815631262525358e+02,7.559513300657272339e-02
4.008016032064128353e+02,7.423304766416549683e-02
4.108216432865731349e+02,7.289624959230422974e-02
4.208416833667334913e+02,7.158026844263076782e-02
4.308617234468937909e+02,7.028078287839889526e-02
4.408817635270540904e+02,6.900036334991455078e-02
4.509018036072144469e+02,6.772816926240921021e-02
4.609218436873747464e+02,6.647969037294387817e-02
4.709418837675351028e+02,6.525198370218276978e-02
4.809619238476954024e+02,6.403306871652603149e-02
4.909819639278557020e+02,6.284427642822265625e-02
5.010020040080160584e+02,6.167967617511749268e-02
5.110220440881763579e+02,6.054522842168807983e-02
5.210420841683367144e+02,5.943697690963745117e-02
5.310621242484969571e+02,5.834789946675300598e-02
5.410821643286573135e+02,5.727917328476905823e-02
5.511022044088176699e+02,5.623116344213485718e-02
5.611222444889779126e+02,5.520388111472129822e-02
5.711422845691382690e+02,5.420329049229621887e-02
5.811623246492986254e+02,5.322225391864776611e-02
5.911823647294589819e+02,5.227785557508468628e-02
6.012024048096192246e+02,5.134882032871246338e-02
6.112224448897795810e+02,5.043635889887809753e-02
6.212424849699399374e+02,4.955431446433067322e-02
6.312625250501001801e+02,4.869031533598899841e-02
6.412825651302605365e+02,4.785231128334999084e-02
6.513026052104208929e+02,4.701377823948860168e-02
6.613226452905811357e+02,4.619600251317024231e-02
6.713426853707414921e+02,4.540920257568359375e-02
6.813627254509018485e+02,4.463353753089904785e-02
6.913827655310620912e+02,4.386852309107780457e-02
7.014028056112224476e+02,4.312419891357421875e-02
7.114228456913828040e+02,4.240934923291206360e-02
7.214428857715431604e+02,4.168872907757759094e-02
7.314629258517034032e+02,4.099687933921813965e-02
7.414829659318637596e+02,4.030835628509521484e-02
7.515030060120241160e+02,3.965788707137107849e-02
7.615230460921843587e+02,3.899654373526573181e-02
7.715430861723447151e+02,3.836346790194511414e-02
7.815631262525050715e+02,3.774160519242286682e-02
7.915831663326653143e+02,3.714247792959213257e-02
8.016032064128256707e+02,3.654423728585243225e-02
8.116232464929860271e+02,3.598063439130783081e-02
8.216432865731462698e+02,3.539949283003807068e-02
8.316633266533066262e+02,3.484096750617027283e-02
8.416833667334669826e+02,3.430364653468132019e-02
8.517034068136272253e+02,3.377133235335350037e-02
8.617234468937875818e+02,3.324369341135025024e-02
8.717434869739479382e+02,3.273832798004150391e-02
8.817635270541081809e+02,3.222648426890373230e-02
8.917835671342685373e+02,3.173949569463729858e-02
9.018036072144288937e+02,3.124241903424263000e-02
9.118236472945892501e+02,3.077332116663455963e-02
9.218436873747494928e+02,3.029044717550277710e-02
9.318637274549098493e+02,2.982679754495620728e-02
9.418837675350702057e+02,2.937331236898899078e-02
9.519038076152304484e+02,2.890790440142154694e-02
9.619238476953908048e+02,2.846780791878700256e-02
9.719438877755511612e+02,2.801282331347465515e-02
9.819639278557114039e+02,2.758066728711128235e-02
9.919839679358717603e+02,2.715397626161575317e-02
1.002004008016032117e+03,2.671766653656959534e-02
1.012024048096192359e+03,2.630283869802951813e-02
1.022044088176352716e+03,2.589138783514499664e-02
1.032064128256512959e+03,2.548409998416900635e-02
1.042084168336673429e+03,2.509518153965473175e-02
1.052104208416833671e+03,2.470239810645580292e-02
1.062124248496993914e+03,2.432807534933090210e-02
1.072144288577154384e+03,2.394731529057025909e-02
1.082164328657314627e+03,2.358208037912845612e-02
1.092184368737474870e+03,2.323899604380130768e-02
1.102204408817635340e+03,2.288069762289524078e-02
1.112224448897795583e+03,2.252576127648353577e-02
1.122244488977955825e+03,2.218528650701045990e-02
1.132264529058116295e+03,2.184660919010639191e-02
1.142284569138276538e+03,2.152691036462783813e-02
1.152304609218437008e+03,2.119915187358856201e-02
1.162324649298597251e+03,2.087118290364742279e-02
1.172344689378757494e+03,2.056356146931648254e-02
1.182364729458917964e+03,2.024580910801887512e-02
1.192384769539078206e+03,1.994959451258182526e-02
1.202404809619238449e+03,1.964138634502887726e-02
1.212424849699398919e+03,1.935607381165027618e-02
1.222444889779559162e+03,1.906360499560832977e-02
1.232464929859719405e+03,1.879023201763629913e-02
1.242484969939879875e+03,1.851119659841060638e-02
1.252505010020040118e+03,1.824658550322055817e-02
1.262525050100200360e+03,1.798170804977416992e-02
1.272545090180360830e+03,1.772559061646461487e-02
1.282565130260521073e+03,1.747371628880500793e-02
1.292585170340681316e+03,1.722658425569534302e-02
1.302605210420841786e+03,1.697973161935806274e-02
1.312625250501002029e+03,1.674622111022472382e-02
1.322645290581162271e+03,1.650758273899555206e-02
1.332665330661322741e+03,1.627098768949508667e-02
1.342685370741482984e+03,1.604873873293399811e-02
1.352705410821643227e+03,1.582615077495574951e-02
1.362725450901803697e+03,1.561119500547647476e-02
1.372745490981963940e+03,1.540303044021129608e-02
1.382765531062124182e+03,1.518863812088966370e-02
1.392785571142284653e+03,1.498793531209230423e-02
1.402805611222444895e+03,1.478381827473640442e-02
1.412825651302605138e+03,1.459045428782701492e-02
1.422845691382765608e+03,1.439246814697980881e-02
1.432865731462925851e+03,1.420269440859556198e-02
1.442885771543086321e+03,1.401521265506744385e-02
1.452905811623246564e+03,1.382937468588352203e-02
1.462925851703406806e+03,1.364652439951896667e-02
1.472945891783567276e+03,1.346660032868385315e-02
1.482965931863727519e+03,1.329210773110389709e-02
1.492985971943887762e+03,1.311330404132604599e-02
1.503006012024048232e+03,1.294096652418375015e-02
1.513026052104208475e+03,1.277025789022445679e-02
1.523046092184368717e+03,1.260390598326921463e-02
1.533066132264529188e+03,1.243516057729721069e-02
1.543086172344689430e+03,1.227549742907285690e-02
1.553106212424849673e+03,1.210979651659727097e-02
1.563126252505010143e+03,1.195414923131465912e-02
1.573146292585170386e+03,1.179462857544422150e-02
1.583166332665330629e+03,1.164221204817295074e-02
1.593186372745491099e+03,1.149060204625129700e-02
1.603206412825651341e+03,1.134781073778867722e-02
1.613226452905811584e+03,1.120005734264850616e-02
1.623246492985972054e+03,1.105788443237543106e-02
1.633266533066132297e+03,1.091799605637788773e-02
1.643286573146292540e+03,1.078670099377632141e-02
1.653306613226453010e+03,1.064825430512428284e-02
1.663326653306613252e+03,1.051433105021715164e-02
1.673346693386773495e+03,1.038679853081703186e-02
1.683366733466933965e+03,1.025620382279157639e-02
1.693386773547094208e+03,1.013245433568954468e-02
1.703406813627254451e+03,1.000662799924612045e-02
1.713426853707414921e+03,9.886465035378932953e-03
1.723446893787575164e+03,9.766019880771636963e-03
1.733466933867735406e+03,9.646963328123092651e-03
1.743486973947895876e+03,9.529147297143936157e-03
1.753507014028056119e+03,9.413906373083591461e-03
1.763527054108216362e+03,9.298132732510566711e-03
1.773547094188376832e+03,9.186754003167152405e-03
1.783567134268537075e+03,9.076073765754699707e-03
1.793587174348697545e+03,8.966295979917049408e-03
1.803607214428857787e+03,8.860779926180839539e-03
1.813627254509018030e+03,8.754699490964412689e-03
1.823647294589178500e+03,8.652713149785995483e-03
1.833667334669338743e+03,8.551629260182380676e-03
1.843687374749498986e+03,8.451367728412151337e-03
1.853707414829659456e+03,8.352879434823989868e-03
1.863727454909819699e+03,8.254938758909702301e-03
1.873747494989979941e+03,8.159199729561805725e-03
1.883767535070140411e+03,8.065149188041687012e-03
1.893787575150300654e+03,7.971086539328098297e-03
1.903807615230460897e+03,7.879328913986682892e-03
1.913827655310621367e+03,7.788268383592367172e-03
1.923847695390781610e+03,7.697965949773788452e-03
1.933867735470941852e+03,7.610009983181953430e-03
1.943887775551102322e+03,7.522184867411851883e-03
1.953907815631262565e+03,7.435111794620752335e-03
1.963927855711422808e+03,7.350391242653131485e-03
1.973947895791583278e+03,7.266653236001729965e-03
1.983967935871743521e+03,7.183869834989309311e-03
1.993987975951903763e+03,7.103567477315664291e-03
2.004008016032064234e+03,7.023808080703020096e-03
2.014028056112224476e+03,6.944561842828989029e-03
2.024048096192384719e+03,6.866146810352802277e-03
2.034068136272545189e+03,6.790313869714736938e-03
2.044088176352705432e+03,6.714303046464920044e-03
2.054108216432865902e+03,6.639336235821247101e-03
2.064128256513025917e+03,6.565716583281755447e-03
2.074148296593186387e+03,6.493860855698585510e-03
2.084168336673346857e+03,6.423387676477432251e-03
2.094188376753506873e+03,6.354505196213722229e-03
2.104208416833667343e+03,6.286807823926210403e-03
2.114228456913827813e+03,6.221071351319551468e-03
2.124248496993987828e+03,6.156262010335922241e-03
2.134268537074148298e+03,6.092958617955446243e-03
2.144288577154308769e+03,6.030958611518144608e-03
2.154308617234468784e+03,5.970973055809736252e-03
2.164328657314629254e+03,5.911118350923061371e-03
2.174348697394789724e+03,5.852654110640287399e-03
2.184368737474949739e+03,5.795232485979795456e-03
2.194388777555110210e+03,5.739143583923578262e-03
2.204408817635270680e+03,5.683778319507837296e-03
2.214428857715430695e+03,5.629438441246747971e-03
2.224448897795591165e+03,5.575423594564199448e-03
2.234468937875751635e+03,5.522426217794418335e-03
2.244488977955911650e+03,5.469600670039653778e-03
2.254509018036072121e+03,5.417888052761554718e-03
2.264529058116232591e+03,5.366714671254158020e-03
2.274549098196393061e+03,5.316254217177629471e-03
2.284569138276553076e+03,5.266638938337564468e-03
2.294589178356713546e+03,5.217514932155609131e-03
2.304609218436874016e+03,5.168882664293050766e-03
2.314629258517034032e+03,5.121176131069660187e-03
2.324649298597194502e+03,5.074687302112579346e-03
2.334669338677354972e+03,5.028387997299432755e-03
2.344689378757514987e+03,4.983227234333753586e-03
2.354709418837675457e+03,4.938711412250995636e-03
2.364729458917835927e+03,4.894768353551626205e-03
2.374749498997995943e+03,4.852166399359703064e-03
2.384769539078156413e+03,4.810391459614038467e-03
2.394789579158316883e+03,4.769004415720701218e-03
2.404809619238476898e+03,4.728250205516815186e-03
2.414829659318637368e+03,4.688787739723920822e-03
2.424849699398797839e+03,4.650000948458909988e-03
2.434869739478957854e+03,4.611870739609003067e-03
2.444889779559118324e+03,4.574371967464685440e-03
2.454909819639278794e+03,4.537509288638830185e-03
2.464929859719438809e+03,4.501491319388151169e-03
2.474949899799599280e+03,4.466085229068994522e-03
2.484969939879759750e+03,4.431086126714944839e-03
2.494989979959919765e+03,4.396567586809396744e-03
2.505010020040080235e+03,4.362773615866899490e-03
2.515030060120240705e+03,4.329394549131393433e-03
2.525050100200400720e+03,4.296367056667804718e-03
2.535070140280561191e+03,4.263802897185087204e-03
2.545090180360721661e+03,4.232083912938833237e-03
2.555110220440881676e+03,4.200475290417671204e-03
2.565130260521042146e+03,4.169503692537546158e-03
2.575150300601202616e+03,4.139163997024297714e-03
2.585170340681362632e+03,4.109843168407678604e-03
2.595190380761523102e+03,4.080991726368665695e-03
2.605210420841683572e+03,4.052682779729366302e-03
2.615230460921843587e+03,4.024588502943515778e-03
2.625250501002004057e+03,3.997043240815401077e-03
2.635270541082164527e+03,3.969980403780937195e-03
2.645290581162324543e+03,3.943476825952529907e-03
2.655310621242485013e+03,3.917596302926540375e-03
2.665330661322645483e+03,3.892007516697049141e-03
2.675350701402805498e+03,3.866532118991017342e-03
2.685370741482965968e+03,3.841783152893185616e-03
2.695390781563126438e+03,3.816885873675346375e-03
2.705410821643286454e+03,3.792509902268648148e-03
2.715430861723446924e+03,3.768627997487783432e-03
2.725450901803607394e+03,3.745188238099217415e-03
2.735470941883767409e+03,3.722189227119088173e-03
2.745490981963927879e+03,3.699524793773889542e-03
2.755511022044088350e+03,3.677169792354106903e-03
2.765531062124248365e+03,3.655071370303630829e-03
2.775551102204408835e+03,3.633209271356463432e-03
2.785571142284569305e+03,3.611891064792871475e-03
2.795591182364729320e+03,3.590615931898355484e-03
2.805611222444889790e+03,3.569628810510039330e-03
2.815631262525050261e+03,3.549088956788182259e-03
2.825651302605210276e+03,3.528862027451395988e-03
2.835671342685370746e+03,3.508984344080090523e-03
2.845691382765531216e+03,3.489245660603046417e-03
2.855711422845691231e+03,3.469767048954963684e-03
2.865731462925851702e+03,3.450340358540415764e-03
2.875751503006012172e+03,3.431268734857439995e-03
2.885771543086172642e+03,3.412159625440835953e-03
2.895791583166332657e+03,3.393157152459025383e-03
2.905811623246493127e+03,3.374297637492418289e-03
2.915831663326653597e+03,3.355426015332341194e-03
2.925851703406813613e+03,3.336528083309531212e-03
2.935871743486974083e+03,3.317686496302485466e-03
2.945891783567134553e+03,3.299092175439000130e-03
2.955911823647294568e+03,3.280031960457563400e-03
2.965931863727455038e+03,3.260928438976407051e-03
2.975951903807615508e+03,3.241479862481355667e-03
2.985971943887775524e+03,3.221341641619801521e-03
2.995991983967935994e+03,3.200744744390249252e-03
3.006012024048096464e+03,3.179775318130850792e-03
3.016032064128256479e+03,3.158677369356155396e-03
3.026052104208416949e+03,3.138213418424129486e-03
3.036072144288577420e+03,3.118414664641022682e-03
3.046092184368737435e+03,3.099407767876982689e-03
3.056112224448897905e+03,3.081239061430096626e-03
3.066132264529058375e+03,3.063796320930123329e-03
3.076152304609218390e+03,3.046926576644182205e-03
3.086172344689378860e+03,3.030596999451518059e-03
3.096192384769539331e+03,3.014711663126945496e-03
3.106212424849699346e+03,2.999308519065380096e-03
3.116232464929859816e+03,2.984416671097278595e-03
3.126252505010020286e+03,2.969707828015089035e-03
3.136272545090180301e+03,2.955344272777438164e-03
3.146292585170340772e+03,2.941451268270611763e-03
3.156312625250501242e+03,2.927723573520779610e-03
3.166332665330661257e+03,2.914264099672436714e-03
3.176352705410821727e+03,2.901202067732810974e-03
3.186372745490982197e+03,2.888512331992387772e-03
3.196392785571142213e+03,2.875933190807700157e-03
3.206412825651302683e+03,2.863598056137561798e-03
3.216432865731463153e+03,2.851519733667373657e-03
3.226452905811623168e+03,2.839637920260429382e-03
3.236472945891783638e+03,2.828000346198678017e-03
3.246492985971944108e+03,2.816636348143219948e-03
3.256513026052104124e+03,2.805462572723627090e-03
3.266533066132264594e+03,2.794422209262847900e-03
3.276553106212425064e+03,2.783674746751785278e-03
3.286573146292585079e+03,2.772992011159658432e-03
3.296593186372745549e+03,2.762655494734644890e-03
3.306613226452906019e+03,2.752307103946805000e-03
3.316633266533066035e+03,2.742168959230184555e-03
3.326653306613226505e+03,2.732233842834830284e-03
3.336673346693386975e+03,2.722419332712888718e-03
3.346693386773546990e+03,2.712752204388380051e-03
3.356713426853707460e+03,2.703236881643533707e-03
3.366733466933867930e+03,2.693880582228302956e-03
3.376753507014027946e+03,2.684690523892641068e-03
3.386773547094188416e+03,2.675612224265933037e-03
3.396793587174348886e+03,2.666691550984978676e-03
3.406813627254508901e+03,2.657817443832755089e-03
3.416833667334669371e+03,2.649269066751003265e-03
3.426853707414829842e+03,2.640662016347050667e-03
3.436873747494989857e+03,2.632248448207974434e-03
3.446893787575150327e+03,2.624063985422253609e-03
3.456913827655310797e+03,2.615947043523192406e-03
3.466933867735470812e+03,2.607841044664382935e-03
3.476953907815631283e+03,2.599967177957296371e-03
3.486973947895791753e+03,2.592160832136869431e-03
3.496993987975951768e+03,2.584486734122037888e-03
3.507014028056112238e+03,2.576898084953427315e-03
3.517034068136272708e+03,2.569445874541997910e-03
3.527054108216432724e+03,2.562085166573524475e-03
3.537074148296593194e+03,2.554798964411020279e-03
3.547094188376753664e+03,2.547718817368149757e-03
3.557114228456914134e+03,2.540663350373506546e-03
3.567134268537074149e+03,2.533731749281287193e-03
3.577154308617234619e+03,2.526791300624608994e-03
3.587174348697395089e+03,2.519988222047686577e-03
3.597194388777555105e+03,2.513227518647909164e-03
3.607214428857715575e+03,2.506508259102702141e-03
3.617234468937876045e+03,2.499922178685665131e-03
3.627254509018036060e+03,2.493437845259904861e-03
3.637274549098196530e+03,2.487009391188621521e-03
3.647294589178357000e+03,2.480635419487953186e-03
3.657314629258517016e+03,2.474450971931219101e-03
3.667334669338677486e+03,2.468280727043747902e-03
3.677354709418837956e+03,2.462322590872645378e-03
3.687374749498997971e+03,2.456316491588950157e-03
3.697394789579158441e+03,2.450439147651195526e-03
3.707414829659318912e+03,2.444665879011154175e-03
3.717434869739478927e+03,2.438931260257959366e-03
3.727454909819639397e+03,2.433275105431675911e-03
3.737474949899799867e+03,2.427699742838740349e-03
3.747494989979959882e+03,2.422195160761475563e-03
3.757515030060120353e+03,2.416753442957997322e-03
3.767535070140280823e+03,2.411377849057316780e-03
3.777555110220440838e+03,2.406075363978743553e-03
3.787575150300601308e+03,2.400869037955999374e-03
3.797595190380761778e+03,2.395742572844028473e-03
3.807615230460921794e+03,2.390632405877113342e-03
3.817635270541082264e+03,2.385587664321064949e-03
3.827655310621242734e+03,2.380649093538522720e-03
3.837675350701402749e+03,2.375725656747817993e-03
3.847695390781563219e+03,2.370871836319565773e-03
3.857715430861723689e+03,2.366085536777973175e-03
3.867735470941883705e+03,2.361371880397200584e-03
3.877755511022044175e+03,2.356695942580699921e-03
3.887775551102204645e+03,2.352050505578517914e-03
3.897795591182364660e+03,2.347468864172697067e-03
3.907815631262525130e+03,2.342945197597146034e-03
3.917835671342685600e+03,2.338484860956668854e-03
3.927855711422845616e+03,2.334093907848000526e-03
3.937875751503006086e+03,2.329711569473147392e-03
3.947895791583166556e+03,2.325386041775345802e-03
3.957915831663326571e+03,2.321109874173998833e-03
3.967935871743487041e+03,2.316838828846812248e-03
3.977955911823647511e+03,2.312615280970931053e-03
3.987975951903807527e+03,2.308487892150878906e-03
3.997995991983967997e+03,2.304393798112869263e-03
4.008016032064128467e+03,2.300272928550839424e-03
4.018036072144288482e+03,2.296156017109751701e-03
4.028056112224448952e+03,2.292115939781069756e-03
4.038076152304609423e+03,2.288209274411201477e-03
4.048096192384769438e+03,2.284257207065820694e-03
4.058116232464929908e+03,2.280412008985877037e-03
4.068136272545090378e+03,2.276616636663675308e-03
4.078156312625250393e+03,2.272882033139467239e-03
4.088176352705410864e+03,2.269207034260034561e-03
4.098196392785571334e+03,2.265592105686664581e-03
4.108216432865731804e+03,2.261971589177846909e-03
4.118236472945892274e+03,2.258376218378543854e-03
4.128256513026051834e+03,2.254804596304893494e-03
4.138276553106212305e+03,2.251264639198780060e-03
4.148296593186372775e+03,2.247749129310250282e-03
4.158316633266533245e+03,2.244312316179275513e-03
4.168336673346693715e+03,2.240918111056089401e-03
4.178356713426854185e+03,2.237558830529451370e-03
4.188376753507013746e+03,2.234237734228372574e-03
4.198396793587174216e+03,2.230953192338347435e-03
4.208416833667334686e+03,2.227684250101447105e-03
4.218436873747495156e+03,2.224409021437168121e-03
4.228456913827655626e+03,2.221177332103252411e-03
4.238476953907816096e+03,2.217906527221202850e-03
4.248496993987975657e+03,2.214637352153658867e-03
4.258517034068136127e+03,2.211373765021562576e-03
4.268537074148296597e+03,2.208028454333543777e-03
4.278557114228457067e+03,2.204616554081439972e-03
4.288577154308617537e+03,2.201111987233161926e-03
4.298597194388778007e+03,2.197373658418655396e-03
4.308617234468937568e+03,2.193250926211476326e-03
4.318637274549098038e+03,2.188276033848524094e-03
4.328657314629258508e+03,2.181004732847213745e-03
4.338677354709418978e+03,2.167090773582458496e-03
4.348697394789579448e+03,2.149370266124606133e-03
4.358717434869739918e+03,2.135949442163109779e-03
4.368737474949899479e+03,2.126016188412904739e-03
4.378757515030059949e+03,2.117961412295699120e-03
4.388777555110220419e+03,2.111385576426982880e-03
4.398797595190380889e+03,2.105659339576959610e-03
4.408817635270541359e+03,2.100612735375761986e-03
4.418837675350701829e+03,2.096032723784446716e-03
4.428857715430861390e+03,2.091725822538137436e-03
4.438877755511021860e+03,2.087651751935482025e-03
4.448897795591182330e+03,2.083822153508663177e-03
4.458917835671342800e+03,2.080158563330769539e-03
4.468937875751503270e+03,2.076676581054925919e-03
4.478957915831663740e+03,2.073340816423296928e-03
4.488977955911823301e+03,2.070117276161909103e-03
4.498997995991983771e+03,2.066992688924074173e-03
4.509018036072144241e+03,2.063975902274250984e-03
4.519038076152304711e+03,2.061002189293503761e-03
4.529058116232465181e+03,2.058118116110563278e-03
4.539078156312625651e+03,2.055321820080280304e-03
4.549098196392786122e+03,2.052598400041460991e-03
4.559118236472945682e+03,2.049905015155673027e-03
4.569138276553106152e+03,2.047301502898335457e-03
4.579158316633266622e+03,2.044756431132555008e-03
4.589178356713427092e+03,2.042246982455253601e-03
4.599198396793587563e+03,2.039788523688912392e-03
4.609218436873748033e+03,2.037386875599622726e-03
4.619238476953907593e+03,2.035015029832720757e-03
4.629258517034068063e+03,2.032679272815585136e-03
4.639278557114228533e+03,2.030365867540240288e-03
4.649298597194389004e+03,2.028092276304960251e-03
4.659318637274549474e+03,2.025860594585537910e-03
4.669338677354709944e+03,2.023667795583605766e-03
4.679358717434869504e+03,2.021466614678502083e-03
4.689378757515029974e+03,2.019317355006933212e-03
4.699398797595190445e+03,2.017192542552947998e-03
4.709418837675350915e+03,2.015094039961695671e-03
4.719438877755511385e+03,2.013018121942877769e-03
4.729458917835671855e+03,2.010971074923872948e-03
4.739478957915831415e+03,2.008942188695073128e-03
4.749498997995991886e+03,2.006935421377420425e-03
4.759519038076152356e+03,2.004968235269188881e-03
4.769539078156312826e+03,2.003018045797944069e-03
4.779559118236473296e+03,2.001077169552445412e-03
4.789579158316633766e+03,1.999133033677935600e-03
4.799599198396793327e+03,1.997234066948294640e-03
4.809619238476953797e+03,1.995330909267067909e-03
4.819639278557114267e+03,1.993464771658182144e-03
4.829659318637274737e+03,1.991616794839501381e-03
4.839679358717435207e+03,1.989779761061072350e-03
4.849699398797595677e+03,1.987969037145376205e-03
4.859719438877755238e+03,1.986164366826415062e-03
4.869739478957915708e+03,1.984382281079888344e-03
4.879759519038076178e+03,1.982611138373613358e-03
4.889779559118236648e+03,1.980846282094717026e-03
4.899799599198397118e+03,1.979114720597863197e-03
4.909819639278557588e+03,1.977388979867100716e-03
4.919839679358717149e+03,1.975677441805601120e-03
4.929859719438877619e+03,1.973969629034399986e-03
4.939879759519038089e+03,1.972273224964737892e-03
4.949899799599198559e+03,1.970589859411120415e-03
4.959919839679359029e+03,1.968896482139825821e-03
4.969939879759519499e+03,1.967225689440965652e-03
4.979959919839679060e+03,1.965536968782544136e-03
4.989979959919839530e+03,1.963858027011156082e-03
5.000000000000000000e+03,1.962155802175402641e-03
