# n, training_loss
0.000000000000000000e+00,4.326829016208648682e-01
1.002004008016032088e+01,2.959560453891754150e-01
2.004008016032064177e+01,2.533146440982818604e-01
3.006012024048096265e+01,2.225095182657241821e-01
4.008016032064128353e+01,2.050853520631790161e-01
5.010020040080160442e+01,1.933554410934448242e-01
6.012024048096192530e+01,1.840627938508987427e-01
7.014028056112223908e+01,1.766441166400909424e-01
8.016032064128256707e+01,1.708878427743911743e-01
9.018036072144289506e+01,1.660691946744918823e-01
1.002004008016032088e+02,1.619278490543365479e-01
1.102204408817635226e+02,1.582342237234115601e-01
1.202404809619238506e+02,1.547888815402984619e-01
1.302605210420841786e+02,1.515021622180938721e-01
1.402805611222444782e+02,1.482644379138946533e-01
1.503006012024048061e+02,1.448941379785537720e-01
1.603206412825651341e+02,1.417125314474105835e-01
1.703406813627254621e+02,1.386923640966415405e-01
1.803607214428857901e+02,1.357234567403793335e-01
1.903807615230460897e+02,1.328858584165573120e-01
2.004008016032064177e+02,1.301807910203933716e-01
2.104208416833667457e+02,1.275368481874465942e-01
2.204408817635270452e+02,1.249359399080276489e-01
2.304609218436873732e+02,1.223629862070083618e-01
2.404809619238477012e+02,1.199146956205368042e-01
2.505010020040080292e+02,1.175264865159988403e-01
2.605210420841683572e+02,1.152008920907974243e-01
2.705410821643286567e+02,1.129218265414237976e-01
2.805611222444889563e+02,1.107554435729980469e-01
2.905811623246493127e+02,1.086718365550041199e-01
3.006012024048096123e+02,1.066313087940216064e-01
3.106212424849699687e+02,1.046479120850563049e-01
3.206412825651302683e+02,1.027298495173454285e-01
3.306613226452905678e+02,1.008958667516708374e-01
3.406813627254509242e+02,9.909438341856002808e-02
3.507014028056112238e+02,9.734530001878738403e-02
3.607214428857715802e+02,9.565453976392745972e-02
3.707414829659318798e+02,9.399341791868209839e-02
3.807615230460921794e+02,9.236139059066772461e-02
3.907815631262525358e+02,9.074698388576507568e-02
4.008016032064128353e+02,8.915791660547256470e-02
4.108216432865731349e+02,8.760215342044830322e-02
4.208416833667334913e+02,8.608143776655197144e-02
4.308617234468937909e+02,8.459007740020751953e-02
4.408817635270540904e+02,8.311069756746292114e-02
4.509018036072144469e+02,8.165033161640167236e-02
4.609218436873747464e+02,8.023744821548461914e-02
4.709418837675351028e+02,7.885704189538955688e-02
4.809619238476954024e+02,7.750128209590911865e-02
4.909819639278557020e+02,7.618156820535659790e-02
5.010020040080160584e+02,7.488264143466949463e-02
5.110220440881763579e+02,7.360237091779708862e-02
5.210420841683367144e+02,7.234916090965270996e-02
5.310621242484969571e+02,7.112923264503479004e-02
5.410821643286573135e+02,6.994894146919250488e-02
5.511022044088176699e+02,6.879013776779174805e-02
5.611222444889779126e+02,6.765411794185638428e-02
5.711422845691382690e+02,6.654444336891174316e-02
5.811623246492986254e+02,6.546100974082946777e-02
5.911823647294589819e+02,6.439051032066345215e-02
6.012024048096192246e+02,6.333766132593154907e-02
6.112224448897795810e+02,6.230406463146209717e-02
6.212424849699399374e+02,6.129055097699165344e-02
6.312625250501001801e+02,6.030933931469917297e-02
6.412825651302605365e+02,5.934933945536613464e-02
6.513026052104208929e+02,5.841950699687004089e-02
6.613226452905811357e+02,5.752265080809593201e-02
6.713426853707414921e+02,5.664083361625671387e-02
6.813627254509018485e+02,5.577352270483970642e-02
6.913827655310620912e+02,5.492001771926879883e-02
7.014028056112224476e+02,5.408746376633644104e-02
7.114228456913828040e+02,5.330057442188262939e-02
7.214428857715431604e+02,5.250153690576553345e-02
7.314629258517034032e+02,5.173195898532867432e-02
7.414829659318637596e+02,5.099496617913246155e-02
7.515030060120241160e+02,5.026609450578689575e-02
7.615230460921843587e+02,4.955948516726493835e-02
7.715430861723447151e+02,4.887984693050384521e-02
7.815631262525050715e+02,4.820286110043525696e-02
7.915831663326653143e+02,4.755643382668495178e-02
8.016032064128256707e+02,4.694392532110214233e-02
8.116232464929860271e+02,4.629965126514434814e-02
8.216432865731462698e+02,4.568808153271675110e-02
8.316633266533066262e+02,4.509649798274040222e-02
8.416833667334669826e+02,4.450998455286026001e-02
8.517034068136272253e+02,4.393535479903221130e-02
8.617234468937875818e+02,4.341362789273262024e-02
8.717434869739479382e+02,4.285095259547233582e-02
8.817635270541081809e+02,4.231445118784904480e-02
8.917835671342685373e+02,4.181035608053207397e-02
9.018036072144288937e+02,4.130042716860771179e-02
9.118236472945892501e+02,4.081227630376815796e-02
9.218436873747494928e+02,4.034789279103279114e-02
9.318637274549098493e+02,3.985597193241119385e-02
9.418837675350702057e+02,3.941513225436210632e-02
9.519038076152304484e+02,3.893949091434478760e-02
9.619238476953908048e+02,3.850412741303443909e-02
9.719438877755511612e+02,3.806484863162040710e-02
9.819639278557114039e+02,3.762463852763175964e-02
9.919839679358717603e+02,3.720602765679359436e-02
1.002004008016032117e+03,3.681459277868270874e-02
1.012024048096192359e+03,3.637880831956863403e-02
1.022044088176352716e+03,3.597754985094070435e-02
1.032064128256512959e+03,3.557399287819862366e-02
1.042084168336673429e+03,3.519998490810394287e-02
1.052104208416833671e+03,3.481519594788551331e-02
1.062124248496993914e+03,3.444684296846389771e-02
1.072144288577154384e+03,3.407460823655128479e-02
1.082164328657314627e+03,3.371017053723335266e-02
1.092184368737474870e+03,3.336530923843383789e-02
1.102204408817635340e+03,3.301322460174560547e-02
1.112224448897795583e+03,3.265542536973953247e-02
1.122244488977955825e+03,3.233179077506065369e-02
1.132264529058116295e+03,3.196203336119651794e-02
1.142284569138276538e+03,3.162496164441108704e-02
1.152304609218437008e+03,3.127872571349143982e-02
1.162324649298597251e+03,3.094308450818061829e-02
1.172344689378757494e+03,3.063109703361988068e-02
1.182364729458917964e+03,3.031975775957107544e-02
1.192384769539078206e+03,3.000765293836593628e-02
1.202404809619238449e+03,2.971895225346088409e-02
1.212424849699398919e+03,2.941142581403255463e-02
1.222444889779559162e+03,2.913396619260311127e-02
1.232464929859719405e+03,2.884827181696891785e-02
1.242484969939879875e+03,2.856741286814212799e-02
1.252505010020040118e+03,2.831146307289600372e-02
1.262525050100200360e+03,2.802243083715438843e-02
1.272545090180360830e+03,2.776212245225906372e-02
1.282565130260521073e+03,2.748480811715126038e-02
1.292585170340681316e+03,2.722324244678020477e-02
1.302605210420841786e+03,2.697410248219966888e-02
1.312625250501002029e+03,2.672042325139045715e-02
1.322645290581162271e+03,2.648450247943401337e-02
1.332665330661322741e+03,2.624634467065334320e-02
1.342685370741482984e+03,2.600689977407455444e-02
1.352705410821643227e+03,2.577547356486320496e-02
1.362725450901803697e+03,2.552971243858337402e-02
1.372745490981963940e+03,2.529586292803287506e-02
1.382765531062124182e+03,2.508330903947353363e-02
1.392785571142284653e+03,2.484515681862831116e-02
1.402805611222444895e+03,2.463663555681705475e-02
1.412825651302605138e+03,2.442081645131111145e-02
1.422845691382765608e+03,2.421016618609428406e-02
1.432865731462925851e+03,2.401005849242210388e-02
1.442885771543086321e+03,2.379225753247737885e-02
1.452905811623246564e+03,2.358494885265827179e-02
1.462925851703406806e+03,2.338287420570850372e-02
1.472945891783567276e+03,2.316236868500709534e-02
1.482965931863727519e+03,2.295398898422718048e-02
1.492985971943887762e+03,2.273535542190074921e-02
1.503006012024048232e+03,2.252113074064254761e-02
1.513026052104208475e+03,2.231795899569988251e-02
1.523046092184368717e+03,2.211240865290164948e-02
1.533066132264529188e+03,2.191136032342910767e-02
1.543086172344689430e+03,2.172063477337360382e-02
1.553106212424849673e+03,2.152667194604873657e-02
1.563126252505010143e+03,2.133399248123168945e-02
1.573146292585170386e+03,2.115080505609512329e-02
1.583166332665330629e+03,2.096053399145603180e-02
1.593186372745491099e+03,2.077683806419372559e-02
1.603206412825651341e+03,2.060850895941257477e-02
1.613226452905811584e+03,2.041868492960929871e-02
1.623246492985972054e+03,2.024965547025203705e-02
1.633266533066132297e+03,2.008069306612014771e-02
1.643286573146292540e+03,1.991237886250019073e-02
1.653306613226453010e+03,1.975841447710990906e-02
1.663326653306613252e+03,1.959375292062759399e-02
1.673346693386773495e+03,1.943960972130298615e-02
1.683366733466933965e+03,1.929286867380142212e-02
1.693386773547094208e+03,1.914249360561370850e-02
1.703406813627254451e+03,1.899350434541702271e-02
1.713426853707414921e+03,1.885035634040832520e-02
1.723446893787575164e+03,1.871558837592601776e-02
1.733466933867735406e+03,1.856839656829833984e-02
1.743486973947895876e+03,1.843504235148429871e-02
1.753507014028056119e+03,1.829958520829677582e-02
1.763527054108216362e+03,1.816707476973533630e-02
1.773547094188376832e+03,1.804198324680328369e-02
1.783567134268537075e+03,1.790980622172355652e-02
1.793587174348697545e+03,1.778545789420604706e-02
1.803607214428857787e+03,1.766660809516906738e-02
1.813627254509018030e+03,1.753947138786315918e-02
1.823647294589178500e+03,1.742014475166797638e-02
1.833667334669338743e+03,1.730679534375667572e-02
1.843687374749498986e+03,1.718352735042572021e-02
1.853707414829659456e+03,1.707038097083568573e-02
1.863727454909819699e+03,1.695189438760280609e-02
1.873747494989979941e+03,1.683645695447921753e-02
1.883767535070140411e+03,1.672354713082313538e-02
1.893787575150300654e+03,1.660712249577045441e-02
1.903807615230460897e+03,1.649138890206813812e-02
1.913827655310621367e+03,1.637776382267475128e-02
1.923847695390781610e+03,1.626495085656642914e-02
1.933867735470941852e+03,1.614777557551860809e-02
1.943887775551102322e+03,1.603389345109462738e-02
1.953907815631262565e+03,1.591739803552627563e-02
1.963927855711422808e+03,1.580252312123775482e-02
1.973947895791583278e+03,1.569001190364360809e-02
1.983967935871743521e+03,1.557714212685823441e-02
1.993987975951903763e+03,1.546720881015062332e-02
2.004008016032064234e+03,1.535628829151391983e-02
2.014028056112224476e+03,1.524675264954566956e-02
2.024048096192384719e+03,1.513896975666284561e-02
2.034068136272545189e+03,1.502738799899816513e-02
2.044088176352705432e+03,1.491572894155979156e-02
2.054108216432865902e+03,1.480092201381921768e-02
2.064128256513025917e+03,1.467841491103172302e-02
2.074148296593186387e+03,1.455423887819051743e-02
2.084168336673346857e+03,1.443601492792367935e-02
2.094188376753506873e+03,1.431692671030759811e-02
2.104208416833667343e+03,1.420520618557929993e-02
2.114228456913827813e+03,1.409851107746362686e-02
2.124248496993987828e+03,1.399576757103204727e-02
2.134268537074148298e+03,1.389884017407894135e-02
2.144288577154308769e+03,1.379527896642684937e-02
2.154308617234468784e+03,1.369775552302598953e-02
2.164328657314629254e+03,1.359936501830816269e-02
2.174348697394789724e+03,1.349976379424333572e-02
2.184368737474949739e+03,1.340530440211296082e-02
2.194388777555110210e+03,1.330765988677740097e-02
2.204408817635270680e+03,1.321079395711421967e-02
2.214428857715430695e+03,1.311522535979747772e-02
2.224448897795591165e+03,1.302268542349338531e-02
2.234468937875751635e+03,1.292567607015371323e-02
2.244488977955911650e+03,1.283144485205411911e-02
2.254509018036072121e+03,1.274050213396549225e-02
2.264529058116232591e+03,1.265243254601955414e-02
2.274549098196393061e+03,1.255990285426378250e-02
2.284569138276553076e+03,1.247464772313833237e-02
2.294589178356713546e+03,1.239095162600278854e-02
2.304609218436874016e+03,1.230415329337120056e-02
2.314629258517034032e+03,1.222038082778453827e-02
2.324649298597194502e+03,1.213620416820049286e-02
2.334669338677354972e+03,1.204819511622190475e-02
2.344689378757514987e+03,1.195256225764751434e-02
2.354709418837675457e+03,1.185606233775615692e-02
2.364729458917835927e+03,1.176000013947486877e-02
2.374749498997995943e+03,1.166487485170364380e-02
2.384769539078156413e+03,1.156772300601005554e-02
2.394789579158316883e+03,1.147570554167032242e-02
2.404809619238476898e+03,1.139176823198795319e-02
2.414829659318637368e+03,1.131291780620813370e-02
2.424849699398797839e+03,1.123845577239990234e-02
2.434869739478957854e+03,1.116968691349029541e-02
2.444889779559118324e+03,1.109399553388357162e-02
2.454909819639278794e+03,1.102092955261468887e-02
2.464929859719438809e+03,1.094741839915513992e-02
2.474949899799599280e+03,1.087125483900308609e-02
2.484969939879759750e+03,1.079253200441598892e-02
2.494989979959919765e+03,1.071142219007015228e-02
2.505010020040080235e+03,1.062927208840847015e-02
2.515030060120240705e+03,1.055058557540178299e-02
2.525050100200400720e+03,1.047289930284023285e-02
2.535070140280561191e+03,1.039833016693592072e-02
2.545090180360721661e+03,1.032166648656129837e-02
2.555110220440881676e+03,1.024262607097625732e-02
2.565130260521042146e+03,1.016341801732778549e-02
2.575150300601202616e+03,1.008510310202836990e-02
2.585170340681362632e+03,1.001019030809402466e-02
2.595190380761523102e+03,9.941373951733112335e-03
2.605210420841683572e+03,9.875273331999778748e-03
2.615230460921843587e+03,9.814045391976833344e-03
2.625250501002004057e+03,9.757226333022117615e-03
2.635270541082164527e+03,9.700323455035686493e-03
2.645290581162324543e+03,9.645817801356315613e-03
2.655310621242485013e+03,9.593068622052669525e-03
2.665330661322645483e+03,9.540771134197711945e-03
2.675350701402805498e+03,9.490703232586383820e-03
2.685370741482965968e+03,9.441105648875236511e-03
2.695390781563126438e+03,9.392360225319862366e-03
2.705410821643286454e+03,9.345326572656631470e-03
2.715430861723446924e+03,9.299052879214286804e-03
2.725450901803607394e+03,9.253881871700286865e-03
2.735470941883767409e+03,9.210036136209964752e-03
2.745490981963927879e+03,9.166224859654903412e-03
2.755511022044088350e+03,9.123262949287891388e-03
2.765531062124248365e+03,9.081100113689899445e-03
2.775551102204408835e+03,9.038114920258522034e-03
2.785571142284569305e+03,8.995622396469116211e-03
2.795591182364729320e+03,8.952805772423744202e-03
2.805611222444889790e+03,8.910154923796653748e-03
2.815631262525050261e+03,8.865653537213802338e-03
2.825651302605210276e+03,8.820651099085807800e-03
2.835671342685370746e+03,8.774632588028907776e-03
2.845691382765531216e+03,8.726852014660835266e-03
2.855711422845691231e+03,8.678185753524303436e-03
2.865731462925851702e+03,8.628838695585727692e-03
2.875751503006012172e+03,8.579700253903865814e-03
2.885771543086172642e+03,8.529406040906906128e-03
2.895791583166332657e+03,8.478234522044658661e-03
2.905811623246493127e+03,8.426376618444919586e-03
2.915831663326653597e+03,8.373524993658065796e-03
2.925851703406813613e+03,8.320076391100883484e-03
2.935871743486974083e+03,8.267419412732124329e-03
2.945891783567134553e+03,8.216323330998420715e-03
2.955911823647294568e+03,8.167391642928123474e-03
2.965931863727455038e+03,8.121090009808540344e-03
2.975951903807615508e+03,8.076790720224380493e-03
2.985971943887775524e+03,8.033957332372665405e-03
2.995991983967935994e+03,7.991221733391284943e-03
3.006012024048096464e+03,7.948173210024833679e-03
3.016032064128256479e+03,7.903117686510086060e-03
3.026052104208416949e+03,7.855053991079330444e-03
3.036072144288577420e+03,7.806801702827215195e-03
3.046092184368737435e+03,7.762527558952569962e-03
3.056112224448897905e+03,7.722615730017423630e-03
3.066132264529058375e+03,7.685122080147266388e-03
3.076152304609218390e+03,7.648725993931293488e-03
3.086172344689378860e+03,7.611968088895082474e-03
3.096192384769539331e+03,7.573386188596487045e-03
3.106212424849699346e+03,7.529242895543575287e-03
3.116232464929859816e+03,7.474847603589296341e-03
3.126252505010020286e+03,7.423788309097290039e-03
3.136272545090180301e+03,7.381670176982879639e-03
3.146292585170340772e+03,7.344299461692571640e-03
3.156312625250501242e+03,7.309172768145799637e-03
3.166332665330661257e+03,7.275218144059181213e-03
3.176352705410821727e+03,7.242080755531787872e-03
3.186372745490982197e+03,7.209335919469594955e-03
3.196392785571142213e+03,7.177060469985008240e-03
3.206412825651302683e+03,7.144634146243333817e-03
3.216432865731463153e+03,7.112065330147743225e-03
3.226452905811623168e+03,7.078384514898061752e-03
3.236472945891783638e+03,7.042495533823966980e-03
3.246492985971944108e+03,7.003724575042724609e-03
3.256513026052104124e+03,6.962564308196306229e-03
3.266533066132264594e+03,6.921755149960517883e-03
3.276553106212425064e+03,6.884147413074970245e-03
3.286573146292585079e+03,6.849395576864480972e-03
3.296593186372745549e+03,6.815653294324874878e-03
3.306613226452906019e+03,6.783011835068464279e-03
3.316633266533066035e+03,6.749880034476518631e-03
3.326653306613226505e+03,6.716735661029815674e-03
3.336673346693386975e+03,6.682937499135732651e-03
3.346693386773546990e+03,6.648599170148372650e-03
3.356713426853707460e+03,6.613677367568016052e-03
3.366733466933867930e+03,6.577931810170412064e-03
3.376753507014027946e+03,6.540837697684764862e-03
3.386773547094188416e+03,6.501535885035991669e-03
3.396793587174348886e+03,6.459480151534080505e-03
3.406813627254508901e+03,6.415123119950294495e-03
3.416833667334669371e+03,6.369193084537982941e-03
3.426853707414829842e+03,6.322121713310480118e-03
3.436873747494989857e+03,6.277594715356826782e-03
3.446893787575150327e+03,6.237058434635400772e-03
3.456913827655310797e+03,6.198859307914972305e-03
3.466933867735470812e+03,6.159807089716196060e-03
3.476953907815631283e+03,6.118120159953832626e-03
3.486973947895791753e+03,6.075866986066102982e-03
3.496993987975951768e+03,6.038469262421131134e-03
3.507014028056112238e+03,6.006252486258745193e-03
3.517034068136272708e+03,5.977705121040344238e-03
3.527054108216432724e+03,5.951661616563796997e-03
3.537074148296593194e+03,5.927197169512510300e-03
3.547094188376753664e+03,5.903950892388820648e-03
3.557114228456914134e+03,5.881727673113346100e-03
3.567134268537074149e+03,5.860242526978254318e-03
3.577154308617234619e+03,5.839437711983919144e-03
3.587174348697395089e+03,5.819265730679035187e-03
3.597194388777555105e+03,5.799518432468175888e-03
3.607214428857715575e+03,5.780175793915987015e-03
3.617234468937876045e+03,5.761274136602878571e-03
3.627254509018036060e+03,5.742769222706556320e-03
3.637274549098196530e+03,5.724471528083086014e-03
3.647294589178357000e+03,5.706412717700004578e-03
3.657314629258517016e+03,5.688546691089868546e-03
3.667334669338677486e+03,5.670802667737007141e-03
3.677354709418837956e+03,5.653185304254293442e-03
3.687374749498997971e+03,5.635507404804229736e-03
3.697394789579158441e+03,5.617595277726650238e-03
3.707414829659318912e+03,5.598923657089471817e-03
3.717434869739478927e+03,5.578760057687759399e-03
3.727454909819639397e+03,5.554391536861658096e-03
3.737474949899799867e+03,5.520187783986330032e-03
3.747494989979959882e+03,5.481160711497068405e-03
3.757515030060120353e+03,5.453920457512140274e-03
3.767535070140280823e+03,5.432690959423780441e-03
3.777555110220440838e+03,5.413946695625782013e-03
3.787575150300601308e+03,5.396426189690828323e-03
3.797595190380761778e+03,5.379501730203628540e-03
3.807615230460921794e+03,5.362918134778738022e-03
3.817635270541082264e+03,5.346544086933135986e-03
3.827655310621242734e+03,5.330420564860105515e-03
3.837675350701402749e+03,5.314242560416460037e-03
3.847695390781563219e+03,5.298115313053131104e-03
3.857715430861723689e+03,5.281880032271146774e-03
3.867735470941883705e+03,5.265420768409967422e-03
3.877755511022044175e+03,5.248755682259798050e-03
3.887775551102204645e+03,5.231564864516258240e-03
3.897795591182364660e+03,5.213786847889423370e-03
3.907815631262525130e+03,5.195135716348886490e-03
3.917835671342685600e+03,5.175479687750339508e-03
3.927855711422845616e+03,5.154947284609079361e-03
3.937875751503006086e+03,5.133457481861114502e-03
3.947895791583166556e+03,5.111337173730134964e-03
3.957915831663326571e+03,5.088751669973134995e-03
3.967935871743487041e+03,5.065187346190214157e-03
3.977955911823647511e+03,5.039432551711797714e-03
3.987975951903807527e+03,5.009519867599010468e-03
3.997995991983967997e+03,4.975347779691219330e-03
4.008016032064128467e+03,4.942589439451694489e-03
4.018036072144288482e+03,4.914441145956516266e-03
4.028056112224448952e+03,4.889656323939561844e-03
4.038076152304609423e+03,4.866308066993951797e-03
4.048096192384769438e+03,4.843843635171651840e-03
4.058116232464929908e+03,4.821817856281995773e-03
4.068136272545090378e+03,4.800172988325357437e-03
4.078156312625250393e+03,4.778882022947072983e-03
4.088176352705410864e+03,4.757436923682689667e-03
4.098196392785571334e+03,4.735964816063642502e-03
4.108216432865731804e+03,4.714034032076597214e-03
4.118236472945892274e+03,4.691386129707098007e-03
4.128256513026051834e+03,4.667574539780616760e-03
4.138276553106212305e+03,4.643209278583526611e-03
4.148296593186372775e+03,4.619836807250976562e-03
4.158316633266533245e+03,4.598109517246484756e-03
4.168336673346693715e+03,4.578314721584320068e-03
4.178356713426854185e+03,4.560102708637714386e-03
4.188376753507013746e+03,4.543221555650234222e-03
4.198396793587174216e+03,4.527330398559570312e-03
4.208416833667334686e+03,4.512210842221975327e-03
4.218436873747495156e+03,4.497749265283346176e-03
4.228456913827655626e+03,4.483711905777454376e-03
4.238476953907816096e+03,4.470075480639934540e-03
4.248496993987975657e+03,4.456584807485342026e-03
4.258517034068136127e+03,4.443052690476179123e-03
4.268537074148296597e+03,4.429001826792955399e-03
4.278557114228457067e+03,4.413502290844917297e-03
4.288577154308617537e+03,4.393097478896379471e-03
4.298597194388778007e+03,4.359457176178693771e-03
4.308617234468937568e+03,4.323160741478204727e-03
4.318637274549098038e+03,4.302133340388536453e-03
4.328657314629258508e+03,4.286784213036298752e-03
4.338677354709418978e+03,4.272967576980590820e-03
4.348697394789579448e+03,4.259630106389522552e-03
4.358717434869739918e+03,4.246086347848176956e-03
4.368737474949899479e+03,4.231046419590711594e-03
4.378757515030059949e+03,4.212002735584974289e-03
4.388777555110220419e+03,4.184155259281396866e-03
4.398797595190380889e+03,4.154938738793134689e-03
4.408817635270541359e+03,4.134500399231910706e-03
4.418837675350701829e+03,4.118827637284994125e-03
4.428857715430861390e+03,4.105660598725080490e-03
4.438877755511021860e+03,4.093934781849384308e-03
4.448897795591182330e+03,4.083088133484125137e-03
4.458917835671342800e+03,4.072871059179306030e-03
4.468937875751503270e+03,4.063080064952373505e-03
4.478957915831663740e+03,4.053645301610231400e-03
4.488977955911823301e+03,4.044525325298309326e-03
4.498997995991983771e+03,4.035696852952241898e-03
4.509018036072144241e+03,4.026961978524923325e-03
4.519038076152304711e+03,4.018411971628665924e-03
4.529058116232465181e+03,4.010085482150316238e-03
4.539078156312625651e+03,4.001859109848737717e-03
4.549098196392786122e+03,3.993832040578126907e-03
4.559118236472945682e+03,3.985923714935779572e-03
4.569138276553106152e+03,3.978145774453878403e-03
4.579158316633266622e+03,3.970442805439233780e-03
4.589178356713427092e+03,3.962893504649400711e-03
4.599198396793587563e+03,3.955404274165630341e-03
4.609218436873748033e+03,3.948093857616186142e-03
4.619238476953907593e+03,3.940826281905174255e-03
4.629258517034068063e+03,3.933676518499851227e-03
4.639278557114228533e+03,3.926613833755254745e-03
4.649298597194389004e+03,3.919685259461402893e-03
4.659318637274549474e+03,3.912789281457662582e-03
4.669338677354709944e+03,3.905979916453361511e-03
4.679358717434869504e+03,3.899298375472426414e-03
4.689378757515029974e+03,3.892652457579970360e-03
4.699398797595190445e+03,3.886081743985414505e-03
4.709418837675350915e+03,3.879636758938431740e-03
4.719438877755511385e+03,3.873239969834685326e-03
4.729458917835671855e+03,3.866925369948148727e-03
4.739478957915831415e+03,3.860648721456527710e-03
4.749498997995991886e+03,3.854453330859541893e-03
4.759519038076152356e+03,3.848372725769877434e-03
4.769539078156312826e+03,3.842311911284923553e-03
4.779559118236473296e+03,3.836300224065780640e-03
4.789579158316633766e+03,3.830374451354146004e-03
4.799599198396793327e+03,3.824482439085841179e-03
4.809619238476953797e+03,3.818656085059046745e-03
4.819639278557114267e+03,3.812897019088268280e-03
4.829659318637274737e+03,3.807185450568795204e-03
4.839679358717435207e+03,3.801546525210142136e-03
4.849699398797595677e+03,3.795913653448224068e-03
4.859719438877755238e+03,3.790348535403609276e-03
4.869739478957915708e+03,3.784862114116549492e-03
4.879759519038076178e+03,3.779395250603556633e-03
4.889779559118236648e+03,3.773983335122466087e-03
4.899799599198397118e+03,3.768601221963763237e-03
4.909819639278557588e+03,3.763268236070871353e-03
4.919839679358717149e+03,3.757973201572895050e-03
4.929859719438877619e+03,3.752721473574638367e-03
4.939879759519038089e+03,3.747463924810290337e-03
4.949899799599198559e+03,3.742245025932788849e-03
4.959919839679359029e+03,3.737030783668160439e-03
4.969939879759519499e+03,3.731790930032730103e-03
4.979959919839679060e+03,3.726458409801125526e-03
4.989979959919839530e+03,3.721029963344335556e-03
5.000000000000000000e+03,3.715319558978080750e-03
