# n, training_loss
0.000000000000000000e+00,3.890789449214935303e-01
1.002004008016032088e+01,2.441121041774749756e-01
2.004008016032064177e+01,1.920442730188369751e-01
3.006012024048096265e+01,1.727959662675857544e-01
4.008016032064128353e+01,1.620311439037322998e-01
5.010020040080160442e+01,1.544728875160217285e-01
6.012024048096192530e+01,1.482543647289276123e-01
7.014028056112223908e+01,1.427892148494720459e-01
8.016032064128256707e+01,1.380494832992553711e-01
9.018036072144289506e+01,1.338151395320892334e-01
1.002004008016032088e+02,1.299992501735687256e-01
1.102204408817635226e+02,1.264647990465164185e-01
1.202404809619238506e+02,1.231444925069808960e-01
1.302605210420841786e+02,1.200218647718429565e-01
1.402805611222444782e+02,1.170773953199386597e-01
1.503006012024048061e+02,1.142387837171554565e-01
1.603206412825651341e+02,1.115213036537170410e-01
1.703406813627254621e+02,1.088681370019912720e-01
1.803607214428857901e+02,1.063230484724044800e-01
1.903807615230460897e+02,1.038507595658302307e-01
2.004008016032064177e+02,1.014243811368942261e-01
2.104208416833667457e+02,9.906221926212310791e-02
2.204408817635270452e+02,9.674435853958129883e-02
2.304609218436873732e+02,9.447363764047622681e-02
2.404809619238477012e+02,9.229042381048202515e-02
2.505010020040080292e+02,9.017118811607360840e-02
2.605210420841683572e+02,8.812638372182846069e-02
2.705410821643286567e+02,8.618623018264770508e-02
2.805611222444889563e+02,8.436201512813568115e-02
2.905811623246493127e+02,8.273369818925857544e-02
3.006012024048096123e+02,8.103348314762115479e-02
3.106212424849699687e+02,7.944341003894805908e-02
3.206412825651302683e+02,7.789029926061630249e-02
3.306613226452905678e+02,7.639785110950469971e-02
3.406813627254509242e+02,7.494411617517471313e-02
3.507014028056112238e+02,7.352472096681594849e-02
3.607214428857715802e+02,7.214103639125823975e-02
3.707414829659318798e+02,7.078468054533004761e-02
3.807615230460921794e+02,6.945449113845825195e-02
3.907815631262525358e+02,6.815963238477706909e-02
4.008016032064128353e+02,6.705983728170394897e-02
4.108216432865731349e+02,6.584564596414566040e-02
4.208416833667334913e+02,6.463503092527389526e-02
4.308617234468937909e+02,6.350881606340408325e-02
4.408817635270540904e+02,6.244160234928131104e-02
4.509018036072144469e+02,6.140219047665596008e-02
4.609218436873747464e+02,6.038708612322807312e-02
4.709418837675351028e+02,5.939970165491104126e-02
4.809619238476954024e+02,5.843612179160118103e-02
4.909819639278557020e+02,5.749668553471565247e-02
5.010020040080160584e+02,5.658287182450294495e-02
5.110220440881763579e+02,5.568905174732208252e-02
5.210420841683367144e+02,5.483655259013175964e-02
5.310621242484969571e+02,5.407990887761116028e-02
5.410821643286573135e+02,5.317728221416473389e-02
5.511022044088176699e+02,5.238867178559303284e-02
5.611222444889779126e+02,5.162515863776206970e-02
5.711422845691382690e+02,5.087126418948173523e-02
5.811623246492986254e+02,5.013584718108177185e-02
5.911823647294589819e+02,4.940943792462348938e-02
6.012024048096192246e+02,4.870688915252685547e-02
6.112224448897795810e+02,4.806108027696609497e-02
6.212424849699399374e+02,4.733254760503768921e-02
6.312625250501001801e+02,4.671277478337287903e-02
6.412825651302605365e+02,4.604613780975341797e-02
6.513026052104208929e+02,4.544394463300704956e-02
6.613226452905811357e+02,4.483086243271827698e-02
6.713426853707414921e+02,4.421136528253555298e-02
6.813627254509018485e+02,4.361923038959503174e-02
6.913827655310620912e+02,4.307418689131736755e-02
7.014028056112224476e+02,4.246164485812187195e-02
7.114228456913828040e+02,4.191141948103904724e-02
7.214428857715431604e+02,4.133262485265731812e-02
7.314629258517034032e+02,4.077473282814025879e-02
7.414829659318637596e+02,4.023617506027221680e-02
7.515030060120241160e+02,3.973560780286788940e-02
7.615230460921843587e+02,3.921268135309219360e-02
7.715430861723447151e+02,3.870845586061477661e-02
7.815631262525050715e+02,3.821263462305068970e-02
7.915831663326653143e+02,3.772226721048355103e-02
8.016032064128256707e+02,3.727956488728523254e-02
8.116232464929860271e+02,3.679941967129707336e-02
8.216432865731462698e+02,3.634135052561759949e-02
8.316633266533066262e+02,3.592134267091751099e-02
8.416833667334669826e+02,3.546626120805740356e-02
8.517034068136272253e+02,3.503996133804321289e-02
8.617234468937875818e+02,3.466794267296791077e-02
8.717434869739479382e+02,3.421369194984436035e-02
8.817635270541081809e+02,3.383152931928634644e-02
8.917835671342685373e+02,3.341199830174446106e-02
9.018036072144288937e+02,3.303106129169464111e-02
9.118236472945892501e+02,3.263632953166961670e-02
9.218436873747494928e+02,3.223794698715209961e-02
9.318637274549098493e+02,3.186261653900146484e-02
9.418837675350702057e+02,3.151495754718780518e-02
9.519038076152304484e+02,3.109085373580455780e-02
9.619238476953908048e+02,3.072605282068252563e-02
9.719438877755511612e+02,3.034294396638870239e-02
9.819639278557114039e+02,2.998940460383892059e-02
9.919839679358717603e+02,2.962540648877620697e-02
1.002004008016032117e+03,2.925563044846057892e-02
1.012024048096192359e+03,2.892324142158031464e-02
1.022044088176352716e+03,2.859108336269855499e-02
1.032064128256512959e+03,2.823338657617568970e-02
1.042084168336673429e+03,2.791839651763439178e-02
1.052104208416833671e+03,2.758437581360340118e-02
1.062124248496993914e+03,2.726220153272151947e-02
1.072144288577154384e+03,2.696243673563003540e-02
1.082164328657314627e+03,2.663159556686878204e-02
1.092184368737474870e+03,2.631687372922897339e-02
1.102204408817635340e+03,2.602466195821762085e-02
1.112224448897795583e+03,2.573984675109386444e-02
1.122244488977955825e+03,2.542885206639766693e-02
1.132264529058116295e+03,2.515511028468608856e-02
1.142284569138276538e+03,2.486749179661273956e-02
1.152304609218437008e+03,2.458338253200054169e-02
1.162324649298597251e+03,2.432135678827762604e-02
1.172344689378757494e+03,2.406118810176849365e-02
1.182364729458917964e+03,2.378384768962860107e-02
1.192384769539078206e+03,2.353125251829624176e-02
1.202404809619238449e+03,2.326265722513198853e-02
1.212424849699398919e+03,2.300718985497951508e-02
1.222444889779559162e+03,2.275350317358970642e-02
1.232464929859719405e+03,2.249930799007415771e-02
1.242484969939879875e+03,2.225296385586261749e-02
1.252505010020040118e+03,2.201783470809459686e-02
1.262525050100200360e+03,2.177314646542072296e-02
1.272545090180360830e+03,2.153816819190979004e-02
1.282565130260521073e+03,2.132034115493297577e-02
1.292585170340681316e+03,2.108375541865825653e-02
1.302605210420841786e+03,2.086585760116577148e-02
1.312625250501002029e+03,2.066296339035034180e-02
1.322645290581162271e+03,2.044067904353141785e-02
1.332665330661322741e+03,2.023873850703239441e-02
1.342685370741482984e+03,2.004439570009708405e-02
1.352705410821643227e+03,1.983584091067314148e-02
1.362725450901803697e+03,1.965112052857875824e-02
1.372745490981963940e+03,1.945609226822853088e-02
1.382765531062124182e+03,1.926601305603981018e-02
1.392785571142284653e+03,1.908603496849536896e-02
1.402805611222444895e+03,1.889631710946559906e-02
1.412825651302605138e+03,1.872031018137931824e-02
1.422845691382765608e+03,1.854543387889862061e-02
1.432865731462925851e+03,1.836585067212581635e-02
1.442885771543086321e+03,1.820074394345283508e-02
1.452905811623246564e+03,1.801953092217445374e-02
1.462925851703406806e+03,1.785195991396903992e-02
1.472945891783567276e+03,1.767573319375514984e-02
1.482965931863727519e+03,1.750297285616397858e-02
1.492985971943887762e+03,1.732963882386684418e-02
1.503006012024048232e+03,1.715054735541343689e-02
1.513026052104208475e+03,1.698042266070842743e-02
1.523046092184368717e+03,1.679671369493007660e-02
1.533066132264529188e+03,1.662798225879669189e-02
1.543086172344689430e+03,1.646010205149650574e-02
1.553106212424849673e+03,1.629910059273242950e-02
1.563126252505010143e+03,1.614763587713241577e-02
1.573146292585170386e+03,1.599767990410327911e-02
1.583166332665330629e+03,1.585040986537933350e-02
1.593186372745491099e+03,1.570923998951911926e-02
1.603206412825651341e+03,1.556961331516504288e-02
1.613226452905811584e+03,1.543058454990386963e-02
1.623246492985972054e+03,1.529682334512472153e-02
1.633266533066132297e+03,1.515728328377008438e-02
1.643286573146292540e+03,1.502227503806352615e-02
1.653306613226453010e+03,1.489026192575693130e-02
1.663326653306613252e+03,1.475883834064006805e-02
1.673346693386773495e+03,1.462753862142562866e-02
1.683366733466933965e+03,1.450126338750123978e-02
1.693386773547094208e+03,1.438066083937883377e-02
1.703406813627254451e+03,1.425440981984138489e-02
1.713426853707414921e+03,1.413553208112716675e-02
1.723446893787575164e+03,1.401885971426963806e-02
1.733466933867735406e+03,1.390088628977537155e-02
1.743486973947895876e+03,1.379037462174892426e-02
1.753507014028056119e+03,1.367315370589494705e-02
1.763527054108216362e+03,1.356533356010913849e-02
1.773547094188376832e+03,1.345577742904424667e-02
1.783567134268537075e+03,1.334730256348848343e-02
1.793587174348697545e+03,1.324429363012313843e-02
1.803607214428857787e+03,1.313735544681549072e-02
1.813627254509018030e+03,1.303539145737886429e-02
1.823647294589178500e+03,1.293603517115116119e-02
1.833667334669338743e+03,1.283425465226173401e-02
1.843687374749498986e+03,1.273728627711534500e-02
1.853707414829659456e+03,1.264111977070569992e-02
1.863727454909819699e+03,1.254325732588768005e-02
1.873747494989979941e+03,1.245034486055374146e-02
1.883767535070140411e+03,1.235468499362468719e-02
1.893787575150300654e+03,1.226173713803291321e-02
1.903807615230460897e+03,1.217132154852151871e-02
1.913827655310621367e+03,1.207854133099317551e-02
1.923847695390781610e+03,1.199041306972503662e-02
1.933867735470941852e+03,1.190356630831956863e-02
1.943887775551102322e+03,1.181373279541730881e-02
1.953907815631262565e+03,1.172723155468702316e-02
1.963927855711422808e+03,1.164104416966438293e-02
1.973947895791583278e+03,1.155499927699565887e-02
1.983967935871743521e+03,1.146929059177637100e-02
1.993987975951903763e+03,1.138073392212390900e-02
2.004008016032064234e+03,1.129390019923448563e-02
2.014028056112224476e+03,1.120938733220100403e-02
2.024048096192384719e+03,1.112519297748804092e-02
2.034068136272545189e+03,1.104359235614538193e-02
2.044088176352705432e+03,1.096447277814149857e-02
2.054108216432865902e+03,1.088690850883722305e-02
2.064128256513025917e+03,1.081002037972211838e-02
2.074148296593186387e+03,1.073575019836425781e-02
2.084168336673346857e+03,1.066173426806926727e-02
2.094188376753506873e+03,1.058960240334272385e-02
2.104208416833667343e+03,1.051843166351318359e-02
2.114228456913827813e+03,1.044784113764762878e-02
2.124248496993987828e+03,1.037775073200464249e-02
2.134268537074148298e+03,1.030685007572174072e-02
2.144288577154308769e+03,1.023497804999351501e-02
2.154308617234468784e+03,1.016272418200969696e-02
2.164328657314629254e+03,1.008902117609977722e-02
2.174348697394789724e+03,1.001546997576951981e-02
2.184368737474949739e+03,9.943171404302120209e-03
2.194388777555110210e+03,9.871841408312320709e-03
2.204408817635270680e+03,9.802722372114658356e-03
2.214428857715430695e+03,9.735423140227794647e-03
2.224448897795591165e+03,9.669036604464054108e-03
2.234468937875751635e+03,9.603555314242839813e-03
2.244488977955911650e+03,9.537767618894577026e-03
2.254509018036072121e+03,9.471621364355087280e-03
2.264529058116232591e+03,9.405839256942272186e-03
2.274549098196393061e+03,9.341803379356861115e-03
2.284569138276553076e+03,9.280164726078510284e-03
2.294589178356713546e+03,9.221367537975311279e-03
2.304609218436874016e+03,9.165248833596706390e-03
2.314629258517034032e+03,9.111026301980018616e-03
2.324649298597194502e+03,9.058151394128799438e-03
2.334669338677354972e+03,9.006666950881481171e-03
2.344689378757514987e+03,8.956193923950195312e-03
2.354709418837675457e+03,8.906219154596328735e-03
2.364729458917835927e+03,8.856876753270626068e-03
2.374749498997995943e+03,8.808367885649204254e-03
2.384769539078156413e+03,8.760272525250911713e-03
2.394789579158316883e+03,8.712278679013252258e-03
2.404809619238476898e+03,8.664525113999843597e-03
2.414829659318637368e+03,8.617284707725048065e-03
2.424849699398797839e+03,8.569605648517608643e-03
2.434869739478957854e+03,8.521913550794124603e-03
2.444889779559118324e+03,8.473537862300872803e-03
2.454909819639278794e+03,8.424630388617515564e-03
2.464929859719438809e+03,8.374637924134731293e-03
2.474949899799599280e+03,8.323052898049354553e-03
2.484969939879759750e+03,8.269936777651309967e-03
2.494989979959919765e+03,8.214259520173072815e-03
2.505010020040080235e+03,8.156521245837211609e-03
2.515030060120240705e+03,8.097401820123195648e-03
2.525050100200400720e+03,8.038447238504886627e-03
2.535070140280561191e+03,7.981059141457080841e-03
2.545090180360721661e+03,7.925726473331451416e-03
2.555110220440881676e+03,7.872646674513816833e-03
2.565130260521042146e+03,7.821185514330863953e-03
2.575150300601202616e+03,7.771212607622146606e-03
2.585170340681362632e+03,7.722571026533842087e-03
2.595190380761523102e+03,7.674965076148509979e-03
2.605210420841683572e+03,7.628158666193485260e-03
2.615230460921843587e+03,7.582109887152910233e-03
2.625250501002004057e+03,7.536315824836492538e-03
2.635270541082164527e+03,7.490895222872495651e-03
2.645290581162324543e+03,7.445619907230138779e-03
2.655310621242485013e+03,7.400505710393190384e-03
2.665330661322645483e+03,7.355110719799995422e-03
2.675350701402805498e+03,7.309236098080873489e-03
2.685370741482965968e+03,7.263017352670431137e-03
2.695390781563126438e+03,7.215895690023899078e-03
2.705410821643286454e+03,7.167371921241283417e-03
2.715430861723446924e+03,7.116992026567459106e-03
2.725450901803607394e+03,7.064594887197017670e-03
2.735470941883767409e+03,7.009180262684822083e-03
2.745490981963927879e+03,6.950509734451770782e-03
2.755511022044088350e+03,6.889694370329380035e-03
2.765531062124248365e+03,6.828999146819114685e-03
2.775551102204408835e+03,6.771360058337450027e-03
2.785571142284569305e+03,6.717239972203969955e-03
2.795591182364729320e+03,6.667022593319416046e-03
2.805611222444889790e+03,6.619894411414861679e-03
2.815631262525050261e+03,6.575007457286119461e-03
2.825651302605210276e+03,6.532360799610614777e-03
2.835671342685370746e+03,6.491237785667181015e-03
2.845691382765531216e+03,6.451226770877838135e-03
2.855711422845691231e+03,6.412396207451820374e-03
2.865731462925851702e+03,6.374048069119453430e-03
2.875751503006012172e+03,6.336459424346685410e-03
2.885771543086172642e+03,6.299520842730998993e-03
2.895791583166332657e+03,6.262892857193946838e-03
2.905811623246493127e+03,6.226615048944950104e-03
2.915831663326653597e+03,6.191120017319917679e-03
2.925851703406813613e+03,6.156298331916332245e-03
2.935871743486974083e+03,6.121924612671136856e-03
2.945891783567134553e+03,6.088180467486381531e-03
2.955911823647294568e+03,6.054697558283805847e-03
2.965931863727455038e+03,6.020994391292333603e-03
2.975951903807615508e+03,5.986836273223161697e-03
2.985971943887775524e+03,5.950631573796272278e-03
2.995991983967935994e+03,5.909020081162452698e-03
3.006012024048096464e+03,5.858882330358028412e-03
3.016032064128256479e+03,5.810561589896678925e-03
3.026052104208416949e+03,5.770165473222732544e-03
3.036072144288577420e+03,5.730963312089443207e-03
3.046092184368737435e+03,5.688331555575132370e-03
3.056112224448897905e+03,5.638332571834325790e-03
3.066132264529058375e+03,5.590639542788267136e-03
3.076152304609218390e+03,5.550247151404619217e-03
3.086172344689378860e+03,5.513037089258432388e-03
3.096192384769539331e+03,5.477000493556261063e-03
3.106212424849699346e+03,5.440154112875461578e-03
3.116232464929859816e+03,5.402325652539730072e-03
3.126252505010020286e+03,5.363359116017818451e-03
3.136272545090180301e+03,5.324056837707757950e-03
3.146292585170340772e+03,5.285849329084157944e-03
3.156312625250501242e+03,5.249522160738706589e-03
3.166332665330661257e+03,5.214837845414876938e-03
3.176352705410821727e+03,5.181581247597932816e-03
3.186372745490982197e+03,5.149380769580602646e-03
3.196392785571142213e+03,5.118102766573429108e-03
3.206412825651302683e+03,5.087294615805149078e-03
3.216432865731463153e+03,5.057051312178373337e-03
3.226452905811623168e+03,5.026810336858034134e-03
3.236472945891783638e+03,4.996846430003643036e-03
3.246492985971944108e+03,4.966583102941513062e-03
3.256513026052104124e+03,4.935993347316980362e-03
3.266533066132264594e+03,4.904235247522592545e-03
3.276553106212425064e+03,4.871072247624397278e-03
3.286573146292585079e+03,4.835912492126226425e-03
3.296593186372745549e+03,4.798351787030696869e-03
3.306613226452906019e+03,4.759667441248893738e-03
3.316633266533066035e+03,4.721870645880699158e-03
3.326653306613226505e+03,4.686505999416112900e-03
3.336673346693386975e+03,4.653900861740112305e-03
3.346693386773546990e+03,4.623536951839923859e-03
3.356713426853707460e+03,4.594878293573856354e-03
3.366733466933867930e+03,4.567614290863275528e-03
3.376753507014027946e+03,4.541372880339622498e-03
3.386773547094188416e+03,4.516035784035921097e-03
3.396793587174348886e+03,4.491441417485475540e-03
3.406813627254508901e+03,4.467455670237541199e-03
3.416833667334669371e+03,4.443910904228687286e-03
3.426853707414829842e+03,4.420775920152664185e-03
3.436873747494989857e+03,4.397913347929716110e-03
3.446893787575150327e+03,4.375341348350048065e-03
3.456913827655310797e+03,4.352800548076629639e-03
3.466933867735470812e+03,4.330111667513847351e-03
3.476953907815631283e+03,4.306952934712171555e-03
3.486973947895791753e+03,4.283197689801454544e-03
3.496993987975951768e+03,4.258131142705678940e-03
3.507014028056112238e+03,4.231563769280910492e-03
3.517034068136272708e+03,4.204029217362403870e-03
3.527054108216432724e+03,4.176525864750146866e-03
3.537074148296593194e+03,4.150431603193283081e-03
3.547094188376753664e+03,4.125882405787706375e-03
3.557114228456914134e+03,4.102545324712991714e-03
3.567134268537074149e+03,4.080045036971569061e-03
3.577154308617234619e+03,4.058107733726501465e-03
3.587174348697395089e+03,4.036243539303541183e-03
3.597194388777555105e+03,4.014267120510339737e-03
3.607214428857715575e+03,3.991795238107442856e-03
3.617234468937876045e+03,3.967701923102140427e-03
3.627254509018036060e+03,3.940581344068050385e-03
3.637274549098196530e+03,3.906609490513801575e-03
3.647294589178357000e+03,3.860935103148221970e-03
3.657314629258517016e+03,3.816740354523062706e-03
3.667334669338677486e+03,3.779794322326779366e-03
3.677354709418837956e+03,3.746489062905311584e-03
3.687374749498997971e+03,3.716182429343461990e-03
3.697394789579158441e+03,3.688882337883114815e-03
3.707414829659318912e+03,3.664363874122500420e-03
3.717434869739478927e+03,3.641634481027722359e-03
3.727454909819639397e+03,3.620304167270660400e-03
3.737474949899799867e+03,3.599917981773614883e-03
3.747494989979959882e+03,3.580303164198994637e-03
3.757515030060120353e+03,3.561311634257435799e-03
3.767535070140280823e+03,3.542676568031311035e-03
3.777555110220440838e+03,3.524127881973981857e-03
3.787575150300601308e+03,3.505698405206203461e-03
3.797595190380761778e+03,3.487092675641179085e-03
3.807615230460921794e+03,3.467913484200835228e-03
3.817635270541082264e+03,3.446966176852583885e-03
3.827655310621242734e+03,3.420243039727210999e-03
3.837675350701402749e+03,3.378991037607192993e-03
3.847695390781563219e+03,3.339745337143540382e-03
3.857715430861723689e+03,3.312995890155434608e-03
3.867735470941883705e+03,3.290255088359117508e-03
3.877755511022044175e+03,3.269491484388709068e-03
3.887775551102204645e+03,3.249842440709471703e-03
3.897795591182364660e+03,3.230937290936708450e-03
3.907815631262525130e+03,3.212374402210116386e-03
3.917835671342685600e+03,3.194087417796254158e-03
3.927855711422845616e+03,3.175852121785283089e-03
3.937875751503006086e+03,3.157631261274218559e-03
3.947895791583166556e+03,3.139279782772064209e-03
3.957915831663326571e+03,3.120495006442070007e-03
3.967935871743487041e+03,3.101024311035871506e-03
3.977955911823647511e+03,3.079300280660390854e-03
3.987975951903807527e+03,3.048583632335066795e-03
3.997995991983967997e+03,2.991694491356611252e-03
4.008016032064128467e+03,2.956649055704474449e-03
4.018036072144288482e+03,2.935337368398904800e-03
4.028056112224448952e+03,2.917407546192407608e-03
4.038076152304609423e+03,2.900746650993824005e-03
4.048096192384769438e+03,2.884851535782217979e-03
4.058116232464929908e+03,2.869463525712490082e-03
4.068136272545090378e+03,2.854374703019857407e-03
4.078156312625250393e+03,2.839616965502500534e-03
4.088176352705410864e+03,2.824944211170077324e-03
4.098196392785571334e+03,2.810395788401365280e-03
4.108216432865731804e+03,2.795913722366094589e-03
4.118236472945892274e+03,2.781403716653585434e-03
4.128256513026051834e+03,2.766920952126383781e-03
4.138276553106212305e+03,2.752270549535751343e-03
4.148296593186372775e+03,2.737423870712518692e-03
4.158316633266533245e+03,2.722379518672823906e-03
4.168336673346693715e+03,2.706896513700485229e-03
4.178356713426854185e+03,2.690647728741168976e-03
4.188376753507013746e+03,2.673557959496974945e-03
4.198396793587174216e+03,2.656067721545696259e-03
4.208416833667334686e+03,2.638673409819602966e-03
4.218436873747495156e+03,2.621758729219436646e-03
4.228456913827655626e+03,2.605905290693044662e-03
4.238476953907816096e+03,2.590975724160671234e-03
4.248496993987975657e+03,2.577153733000159264e-03
4.258517034068136127e+03,2.564073074609041214e-03
4.268537074148296597e+03,2.551744924858212471e-03
4.278557114228457067e+03,2.539957407861948013e-03
4.288577154308617537e+03,2.528744516894221306e-03
4.298597194388778007e+03,2.517895540222525597e-03
4.308617234468937568e+03,2.507331082597374916e-03
4.318637274549098038e+03,2.497109118849039078e-03
4.328657314629258508e+03,2.487219870090484619e-03
4.338677354709418978e+03,2.477587200701236725e-03
4.348697394789579448e+03,2.468131715431809425e-03
4.358717434869739918e+03,2.458915347233414650e-03
4.368737474949899479e+03,2.449935534968972206e-03
4.378757515030059949e+03,2.441125223413109779e-03
4.388777555110220419e+03,2.432491164654493332e-03
4.398797595190380889e+03,2.423987956717610359e-03
4.408817635270541359e+03,2.415625844150781631e-03
4.418837675350701829e+03,2.407456282526254654e-03
4.428857715430861390e+03,2.399403369054198265e-03
4.438877755511021860e+03,2.391415880993008614e-03
4.448897795591182330e+03,2.383656334131956100e-03
4.458917835671342800e+03,2.375953365117311478e-03
4.468937875751503270e+03,2.368352841585874557e-03
4.478957915831663740e+03,2.360832178965210915e-03
4.488977955911823301e+03,2.353484276682138443e-03
4.498997995991983771e+03,2.346199471503496170e-03
4.509018036072144241e+03,2.339048078283667564e-03
4.519038076152304711e+03,2.331965370103716850e-03
4.529058116232465181e+03,2.324994653463363647e-03
4.539078156312625651e+03,2.318116370588541031e-03
4.549098196392786122e+03,2.311268821358680725e-03
4.559118236472945682e+03,2.304544439539313316e-03
4.569138276553106152e+03,2.297969302162528038e-03
4.579158316633266622e+03,2.291389508172869682e-03
4.589178356713427092e+03,2.284929156303405762e-03
4.599198396793587563e+03,2.278500236570835114e-03
4.609218436873748033e+03,2.272172365337610245e-03
4.619238476953907593e+03,2.265893854200839996e-03
4.629258517034068063e+03,2.259743399918079376e-03
4.639278557114228533e+03,2.253621583804488182e-03
4.649298597194389004e+03,2.247589873149991035e-03
4.659318637274549474e+03,2.241599606350064278e-03
4.669338677354709944e+03,2.235666383057832718e-03
4.679358717434869504e+03,2.229813486337661743e-03
4.689378757515029974e+03,2.224035561084747314e-03
4.699398797595190445e+03,2.218295121565461159e-03
4.709418837675350915e+03,2.212629886344075203e-03
4.719438877755511385e+03,2.206989564001560211e-03
4.729458917835671855e+03,2.201419789344072342e-03
4.739478957915831415e+03,2.195904497057199478e-03
4.749498997995991886e+03,2.190437400713562965e-03
4.759519038076152356e+03,2.185054356232285500e-03
4.769539078156312826e+03,2.179689239710569382e-03
4.779559118236473296e+03,2.174364170059561729e-03
4.789579158316633766e+03,2.169101499021053314e-03
4.799599198396793327e+03,2.163882134482264519e-03
4.809619238476953797e+03,2.158730290830135345e-03
4.819639278557114267e+03,2.153580542653799057e-03
4.829659318637274737e+03,2.148533938452601433e-03
4.839679358717435207e+03,2.143506193533539772e-03
4.849699398797595677e+03,2.138513606041669846e-03
4.859719438877755238e+03,2.133588073775172234e-03
4.869739478957915708e+03,2.128700725734233856e-03
4.879759519038076178e+03,2.123876241967082024e-03
4.889779559118236648e+03,2.119065960869193077e-03
4.899799599198397118e+03,2.114296425133943558e-03
4.909819639278557588e+03,2.109586726874113083e-03
4.919839679358717149e+03,2.104920335114002228e-03
4.929859719438877619e+03,2.100281417369842529e-03
4.939879759519038089e+03,2.095665782690048218e-03
4.949899799599198559e+03,2.091096481308341026e-03
4.959919839679359029e+03,2.086558612063527107e-03
4.969939879759519499e+03,2.082095714285969734e-03
4.979959919839679060e+03,2.077633747830986977e-03
4.989979959919839530e+03,2.073239767923951149e-03
5.000000000000000000e+03,2.068857196718454361e-03
