# kappa, accuracy
0.000000000000000000e+00,4.972988665103912354e-01
5.467017779181352344e-01,6.022625565528869629e-01
6.938974029811011413e-01,6.044979691505432129e-01
7.825414112076026774e-01,6.024149656295776367e-01
8.461726416649958393e-01,6.003319025039672852e-01
8.958438229602111447e-01,6.057173013687133789e-01
9.365916615619678254e-01,6.088333129882812500e-01
9.711392358043957618e-01,6.151501536369323730e-01
1.001126605713014817e+00,6.243966817855834961e-01
1.027618466577188805e+00,6.361496448516845703e-01
1.051345319942216472e+00,6.499856114387512207e-01
1.072830184430178413e+00,6.639570593833923340e-01
1.092460418878209438e+00,6.786736249923706055e-01
1.110530927674623802e+00,6.923063993453979492e-01
1.127271427253388802e+00,7.096818089485168457e-01
1.142864347438742989e+00,7.257024049758911133e-01
1.157456980704167249e+00,7.369980812072753906e-01
1.171169963967022332e+00,7.480736374855041504e-01
1.184103346119221412e+00,7.574556469917297363e-01
1.196341021701712526e+00,7.706142067909240723e-01
1.207954031805609674e+00,7.799962759017944336e-01
1.219003062679803184e+00,7.832309007644653320e-01
1.229540365236907906e+00,7.947128415107727051e-01
1.239611249409366289e+00,8.028247952461242676e-01
1.249255261577880249e+00,8.046537637710571289e-01
1.258507122458771166e+00,8.104794025421142578e-01
1.267397481650863522e+00,8.162712454795837402e-01
1.275953530236371369e+00,8.191502094268798828e-01
1.284199502320861219e+00,8.267371058464050293e-01
1.292157088830874878e+00,8.294467329978942871e-01
1.299845781368370146e+00,8.302088379859924316e-01
1.307283159846079901e+00,8.367457389831542969e-01
1.314485134585391402e+00,8.379481434822082520e-01
1.321466151263091193e+00,8.416399955749511719e-01
1.328239365344993539e+00,8.441972136497497559e-01
1.334816791300646566e+00,8.456875085830688477e-01
1.341209430851708850e+00,8.499212265014648438e-01
1.347427383692775482e+00,8.510050773620605469e-01
1.353479943482905234e+00,8.543582558631896973e-01
1.359375681398375280e+00,8.555267453193664551e-01
1.365122519132118128e+00,8.572033643722534180e-01
1.370727792900053421e+00,8.592863678932189941e-01
1.376198309751891502e+00,8.618265986442565918e-01
1.381540397270671017e+00,8.614370822906494141e-01
1.386759947571149842e+00,8.631814122200012207e-01
1.391862456364268752e+00,8.660434484481811523e-01
1.396853057737095227e+00,8.658402562141418457e-01
1.401736555200060463e+00,8.672797083854675293e-01
1.406517449472140191e+00,8.683297038078308105e-01
1.411199963406808200e+00,8.693796396255493164e-01
1.415788064404728486e+00,8.710054159164428711e-01
1.420285484611277793e+00,8.723940849304199219e-01
1.424695739156538687e+00,8.725634813308715820e-01
1.429022142661105610e+00,8.744093775749206543e-01
1.433267824201875706e+00,8.743585944175720215e-01
1.437435740907092141e+00,8.762384057044982910e-01
1.441528690328592432e+00,8.757811188697814941e-01
1.445549321720914326e+00,8.776270747184753418e-01
1.449500146341150542e+00,8.776609301567077637e-01
1.453383546869832843e+00,8.780504465103149414e-01
1.457201786041352642e+00,8.794221878051757812e-01
1.460957014562193290e+00,8.803874850273132324e-01
1.464651278386353450e+00,8.801842331886291504e-01
1.468286525409587373e+00,8.806245923042297363e-01
1.471864611637292874e+00,8.816745281219482422e-01
1.475387306874949234e+00,8.812511563301086426e-01
1.478856299984773859e+00,8.825382590293884277e-01
1.482273203747687562e+00,8.839100003242492676e-01
1.485639559365623086e+00,8.838591575622558594e-01
1.488956840635637047e+00,8.839607834815979004e-01
1.492226457824126218e+00,8.853494524955749512e-01
1.495449761266632427e+00,8.845196366310119629e-01
1.498628044716239005e+00,8.861115574836730957e-01
1.501762548461336833e+00,8.857220411300659180e-01
1.504854462231562939e+00,8.870429396629333496e-01
1.507904927908952475e+00,8.861115574836730957e-01
1.510915042059766122e+00,8.872631192207336426e-01
1.513885858301034171e+00,8.875171542167663574e-01
1.516818389514608345e+00,8.886179327964782715e-01
1.519713609920354980e+00,8.879066705703735352e-01
1.522572457019110148e+00,8.886179327964782715e-01
1.525395833415098101e+00,8.878219723701477051e-01
1.528184608526667043e+00,8.886010050773620605e-01
1.530939620193465300e+00,8.894477486610412598e-01
1.533661676187484835e+00,8.890920877456665039e-01
1.536351555634792421e+00,8.893461227416992188e-01
1.539010010354211033e+00,8.911751508712768555e-01
1.541637766118703068e+00,8.912936449050903320e-01
1.544235523844751601e+00,8.902944922447204590e-01
1.546803960714617121e+00,8.915985226631164551e-01
1.549343731235962141e+00,8.910735249519348145e-01
1.551855468242996139e+00,8.915646076202392578e-01
1.554339783842966227e+00,8.914968967437744141e-01
1.556797270311540471e+00,8.912936449050903320e-01
1.559228500940357254e+00,8.920557498931884766e-01
1.561634030839774034e+00,8.926993012428283691e-01
1.564014397699631687e+00,8.923774957656860352e-01
1.566370122510635010e+00,8.930379748344421387e-01
1.568701710248779468e+00,8.925299048423767090e-01
1.571009650525067469e+00,8.926484584808349609e-01
1.573294418202602740e+00,8.931226730346679688e-01
1.575556473983019679e+00,8.937492370605468750e-01
1.577796264964043127e+00,8.938847184181213379e-01
1.580014225169882991e+00,8.939355611801147461e-01
1.582210776056022228e+00,8.937323093414306641e-01
1.584386326989880134e+00,8.939524888992309570e-01
1.586541275708711396e+00,8.943250775337219238e-01
1.588676008756028768e+00,8.950871229171752930e-01
1.590790901897745524e+00,8.936984539031982422e-01
1.592886320519155019e+00,8.949347138404846191e-01
1.594962620003801623e+00,8.948330879211425781e-01
1.597020146095221582e+00,8.949347138404846191e-01
1.599059235242476174e+00,8.942573070526123047e-01
1.601080214930340695e+00,8.950194120407104492e-01
1.603083403994960854e+00,8.952564597129821777e-01
1.605069112925735064e+00,8.951379656791687012e-01
1.607037644154140077e+00,8.955613374710083008e-01
1.608989292330169851e+00,8.951887488365173340e-01
1.610924344587021606e+00,8.951379656791687012e-01
1.612843080794622130e+00,8.958323001861572266e-01
1.614745773802553908e+00,8.960693478584289551e-01
1.616632689672911072e+00,8.957476019859313965e-01
1.618504087903578803e+00,8.958323001861572266e-01
1.620360221642407783e+00,8.962895274162292480e-01
1.622201337892721806e+00,8.964927196502685547e-01
1.624027677710581541e+00,8.956121206283569336e-01
1.625839476394193461e+00,8.962556719779968262e-01
1.627636963665837211e+00,8.967806100845336914e-01
1.629420363846665332e+00,8.969669342041015625e-01
1.631189896024706210e+00,8.969838619232177734e-01
1.632945774216384871e+00,8.974580168724060059e-01
1.634688207521859171e+00,8.970346450805664062e-01
1.636417400274455369e+00,8.981015682220458984e-01
1.638133552184467989e+00,8.978814482688903809e-01
1.639836858477576875e+00,8.978136777877807617e-01
1.641527510028124359e+00,8.973903059959411621e-01
1.643205693487475250e+00,8.969330787658691406e-01
1.644871591407681688e+00,8.972886800765991211e-01
1.646525382360650269e+00,8.977459669113159180e-01
1.648167241053013710e+00,8.974072337150573730e-01
1.649797338436885363e+00,8.973733782768249512e-01
1.651415841816677110e+00,8.975088596343994141e-01
1.653022914952142930e+00,8.975257873535156250e-01
1.654618718157812252e+00,8.981354236602783203e-01
1.656203408398958743e+00,8.978136777877807617e-01
1.657777139384250864e+00,8.979660868644714355e-01
1.659340061655222076e+00,8.993378281593322754e-01
1.660892322672688159e+00,8.983894586563110352e-01
1.662434066900237317e+00,8.978814482688903809e-01
1.663965435884910748e+00,8.986434936523437500e-01
1.665486568335187600e+00,8.987959027290344238e-01
1.666997600196379770e+00,8.982031941413879395e-01
1.668498664723540026e+00,8.987620472908020020e-01
1.669989892551982047e+00,8.994902372360229492e-01
1.671471411765502735e+00,8.985249400138854980e-01
1.672943347962402294e+00,8.993547558784484863e-01
1.674405824319376901e+00,8.988467454910278320e-01
1.675858961653376777e+00,8.989313840866088867e-01
1.677302878481498505e+00,8.990160822868347168e-01
1.678737691078990402e+00,8.990668654441833496e-01
1.680163513535439579e+00,8.981693387031555176e-01
1.681580457809211060e+00,8.993209004402160645e-01
1.682988633780202026e+00,8.990160822868347168e-01
1.684388149300973136e+00,8.989313840866088867e-01
1.685779110246317103e+00,8.991684913635253906e-01
1.687161620561323572e+00,8.986096382141113281e-01
1.688535782307989397e+00,8.991515636444091797e-01
1.689901695710432916e+00,8.988806009292602539e-01
1.691259459198757975e+00,8.995749354362487793e-01
1.692609169451616546e+00,8.988128304481506348e-01
1.693950921437518575e+00,8.991007208824157715e-01
1.695284808454928571e+00,8.999644517898559570e-01
1.696610922171196023e+00,8.987112641334533691e-01
1.697929352660356717e+00,8.989822268486022949e-01
1.699240188439845589e+00,8.993209004402160645e-01
1.700543516506157760e+00,8.993378281593322754e-01
1.701839422369496369e+00,8.988297581672668457e-01
1.703127990087435206e+00,8.995918631553649902e-01
1.704409302297638540e+00,8.992192745208740234e-01
1.705683440249660787e+00,8.991515636444091797e-01
1.706950483835863563e+00,8.990837931632995605e-01
1.708210511621475858e+00,8.991346359252929688e-01
1.709463600873825317e+00,9.002014994621276855e-01
1.710709827590771948e+00,9.000321626663208008e-01
1.711949266528363767e+00,8.993209004402160645e-01
1.713181991227747725e+00,8.997951149940490723e-01
1.714408074041351204e+00,8.986604213714599609e-01
1.715627586158365192e+00,8.993886709213256836e-01
1.716840597629547105e+00,9.000490903854370117e-01
1.718047177391365699e+00,8.987620472908020020e-01
1.719247393289509596e+00,8.992023468017578125e-01
1.720441312101779419e+00,8.993886709213256836e-01
1.721628999560381956e+00,8.996257185935974121e-01
1.722810520373646126e+00,8.996257185935974121e-01
1.723985938247177163e+00,8.995918631553649902e-01
1.725155315904469022e+00,8.997273445129394531e-01
1.726318715106986756e+00,8.992531895637512207e-01
1.727476196673742637e+00,8.993716835975646973e-01
1.728627820500372003e+00,8.987451195716857910e-01
1.729773645577733276e+00,8.985080122947692871e-01
