# n,accuracy
0.000000000000000000e+00,5.027858018875122070e-01
1.005025125628140792e+01,6.005520820617675781e-01
2.010050251256281584e+01,6.054124832153320312e-01
3.015075376884422553e+01,6.011278629302978516e-01
4.020100502512563168e+01,6.051415205001831055e-01
5.025125628140703782e+01,6.073938608169555664e-01
6.030150753768845107e+01,6.112381219863891602e-01
7.035175879396985010e+01,6.194008588790893555e-01
8.040201005025126335e+01,6.265643835067749023e-01
9.045226130653267660e+01,6.402987241744995117e-01
1.005025125628140756e+02,6.530000567436218262e-01
1.105527638190954889e+02,6.687158346176147461e-01
1.206030150753769021e+02,6.861081719398498535e-01
1.306532663316583012e+02,6.978780627250671387e-01
1.407035175879397002e+02,7.128994464874267578e-01
1.507537688442211277e+02,7.269555926322937012e-01
1.608040201005025267e+02,7.375569343566894531e-01
1.708542713567839257e+02,7.461261153221130371e-01
1.809045226130653532e+02,7.592169046401977539e-01
1.909547738693467522e+02,7.697166800498962402e-01
2.010050251256281513e+02,7.750681638717651367e-01
2.110552763819095787e+02,7.838236093521118164e-01
2.211055276381909778e+02,7.943403124809265137e-01
2.311557788944723768e+02,7.985910177230834961e-01
2.412060301507538043e+02,8.037392497062683105e-01
2.512562814070352033e+02,8.107334375381469727e-01
2.613065326633166023e+02,8.138156533241271973e-01
2.713567839195980014e+02,8.192518353462219238e-01
2.814070351758794004e+02,8.241291046142578125e-01
2.914572864321608563e+02,8.255516886711120605e-01
3.015075376884422553e+02,8.307676911354064941e-01
3.115577889447236544e+02,8.349675536155700684e-01
3.216080402010050534e+02,8.366780281066894531e-01
3.316582914572864524e+02,8.399295210838317871e-01
3.417085427135678515e+02,8.413182497024536133e-01
3.517587939698492505e+02,8.428424000740051270e-01
3.618090452261307064e+02,8.457552194595336914e-01
3.718592964824121054e+02,8.489729166030883789e-01
3.819095477386935045e+02,8.511574864387512207e-01
3.919597989949749035e+02,8.517841100692749023e-01
4.020100502512563025e+02,8.533251881599426270e-01
4.120603015075377016e+02,8.558654785156250000e-01
4.221105527638191575e+02,8.593879938125610352e-01
4.321608040201005565e+02,8.583887815475463867e-01
4.422110552763819555e+02,8.615387082099914551e-01
4.522613065326633546e+02,8.625548481941223145e-01
4.623115577889447536e+02,8.644854426383972168e-01
4.723618090452261526e+02,8.657047748565673828e-01
4.824120603015076085e+02,8.647055625915527344e-01
4.924623115577890076e+02,8.680756688117980957e-01
5.025125628140704066e+02,8.678216338157653809e-01
5.125628140703518056e+02,8.695828914642333984e-01
5.226130653266332047e+02,8.709884881973266602e-01
5.326633165829146037e+02,8.724618554115295410e-01
5.427135678391960028e+02,8.724787831306457520e-01
5.527638190954774018e+02,8.728175163269042969e-01
5.628140703517588008e+02,8.752053380012512207e-01
5.728643216080401999e+02,8.754085302352905273e-01
5.829145728643217126e+02,8.758996725082397461e-01
5.929648241206031116e+02,8.769835233688354492e-01
6.030150753768845107e+02,8.771190047264099121e-01
6.130653266331659097e+02,8.770851492881774902e-01
6.231155778894473087e+02,8.790834546089172363e-01
6.331658291457287078e+02,8.798794150352478027e-01
6.432160804020101068e+02,8.804382681846618652e-01
6.532663316582915058e+02,8.802011609077453613e-01
6.633165829145729049e+02,8.812850117683410645e-01
6.733668341708543039e+02,8.828769326210021973e-01
6.834170854271357030e+02,8.816914558410644531e-01
6.934673366834171020e+02,8.832664489746093750e-01
7.035175879396985010e+02,8.844857811927795410e-01
7.135678391959800138e+02,8.836220502853393555e-01
7.236180904522614128e+02,8.841639757156372070e-01
7.336683417085428118e+02,8.860776424407958984e-01
7.437185929648242109e+02,8.858744502067565918e-01
7.537688442211056099e+02,8.857220411300659180e-01
7.638190954773870089e+02,8.872800469398498535e-01
7.738693467336684080e+02,8.867042660713195801e-01
7.839195979899498070e+02,8.871954083442687988e-01
7.939698492462312061e+02,8.873308897018432617e-01
8.040201005025126051e+02,8.884316682815551758e-01
8.140703517587940041e+02,8.890243768692016602e-01
8.241206030150754032e+02,8.900404572486877441e-01
8.341708542713568022e+02,8.886179327964782715e-01
8.442211055276383149e+02,8.893630504608154297e-01
8.542713567839197140e+02,8.900066018104553223e-01
8.643216080402011130e+02,8.908364176750183105e-01
8.743718592964825120e+02,8.909211158752441406e-01
8.844221105527639111e+02,8.900235295295715332e-01
8.944723618090453101e+02,8.906840085983276367e-01
9.045226130653267091e+02,8.902606368064880371e-01
9.145728643216081082e+02,8.908872008323669434e-01
9.246231155778895072e+02,8.915138244628906250e-01
9.346733668341709063e+02,8.910565972328186035e-01
9.447236180904523053e+02,8.915476799011230469e-01
9.547738693467337043e+02,8.923605680465698242e-01
9.648241206030152171e+02,8.922250866889953613e-01
9.748743718592966161e+02,8.917678594589233398e-01
9.849246231155780151e+02,8.929194211959838867e-01
9.949748743718594142e+02,8.928347826004028320e-01
1.005025125628140813e+03,8.934105634689331055e-01
1.015075376884422212e+03,8.935460448265075684e-01
1.025125628140703611e+03,8.935291171073913574e-01
1.035175879396985010e+03,8.932242989540100098e-01
1.045226130653266409e+03,8.943250775337219238e-01
1.055276381909547808e+03,8.948500156402587891e-01
1.065326633165829207e+03,8.945790529251098633e-01
1.075376884422110606e+03,8.955782651901245117e-01
1.085427135678392006e+03,8.948839306831359863e-01
1.095477386934673405e+03,8.951209783554077148e-01
1.105527638190954804e+03,8.952733874320983887e-01
1.115577889447236203e+03,8.952395319938659668e-01
1.125628140703517602e+03,8.958661556243896484e-01
1.135678391959799001e+03,8.961540460586547852e-01
1.145728643216080400e+03,8.961540460586547852e-01
1.155778894472361799e+03,8.961032629013061523e-01
1.165829145728643425e+03,8.955443501472473145e-01
1.175879396984924824e+03,8.955274224281311035e-01
1.185929648241206223e+03,8.957306742668151855e-01
1.195979899497487622e+03,8.964419364929199219e-01
1.206030150753769021e+03,8.963742256164550781e-01
1.216080402010050420e+03,8.966621160507202148e-01
1.226130653266331819e+03,8.963572382926940918e-01
1.236180904522613218e+03,8.971362709999084473e-01
1.246231155778894617e+03,8.977289795875549316e-01
1.256281407035176017e+03,8.971024155616760254e-01
1.266331658291457416e+03,8.974750041961669922e-01
1.276381909547738815e+03,8.970685601234436035e-01
1.286432160804020214e+03,8.978814482688903809e-01
1.296482412060301613e+03,8.974580168724060059e-01
1.306532663316583012e+03,8.981184959411621094e-01
1.316582914572864411e+03,8.972209692001342773e-01
1.326633165829145810e+03,8.982709050178527832e-01
1.336683417085427209e+03,8.985418677330017090e-01
1.346733668341708608e+03,8.973395228385925293e-01
1.356783919597990007e+03,8.984910845756530762e-01
1.366834170854271406e+03,8.975257873535156250e-01
1.376884422110552805e+03,8.983725309371948242e-01
1.386934673366834204e+03,8.978983759880065918e-01
1.396984924623115603e+03,8.973564505577087402e-01
1.407035175879397002e+03,8.986604213714599609e-01
1.417085427135678628e+03,8.992701172828674316e-01
1.427135678391960028e+03,8.981015682220458984e-01
1.437185929648241427e+03,8.985587954521179199e-01
1.447236180904522826e+03,8.981354236602783203e-01
1.457286432160804225e+03,8.976104855537414551e-01
1.467336683417085624e+03,8.983556032180786133e-01
1.477386934673367023e+03,8.987959027290344238e-01
1.487437185929648422e+03,8.985080122947692871e-01
1.497487437185929821e+03,8.987959027290344238e-01
1.507537688442211220e+03,8.994563817977905273e-01
1.517587939698492619e+03,8.992023468017578125e-01
1.527638190954774018e+03,8.991007208824157715e-01
1.537688442211055417e+03,8.996426463127136230e-01
1.547738693467336816e+03,8.980169296264648438e-01
1.557788944723618215e+03,8.984910845756530762e-01
1.567839195979899614e+03,8.992192745208740234e-01
1.577889447236181013e+03,8.984403014183044434e-01
1.587939698492462412e+03,8.995071649551391602e-01
1.597989949748743811e+03,8.999475240707397461e-01
1.608040201005025210e+03,8.992023468017578125e-01
1.618090452261306609e+03,8.992023468017578125e-01
1.628140703517588008e+03,8.991177082061767578e-01
1.638190954773869407e+03,8.992362022399902344e-01
1.648241206030150806e+03,8.992701172828674316e-01
1.658291457286432205e+03,9.002184867858886719e-01
1.668341708542713604e+03,8.990499377250671387e-01
1.678391959798995231e+03,8.998289704322814941e-01
1.688442211055276630e+03,9.003369808197021484e-01
1.698492462311558029e+03,9.000999331474304199e-01
1.708542713567839428e+03,8.998289704322814941e-01
1.718592964824120827e+03,8.997273445129394531e-01
1.728643216080402226e+03,8.998458981513977051e-01
1.738693467336683625e+03,8.998628258705139160e-01
1.748743718592965024e+03,8.999983072280883789e-01
1.758793969849246423e+03,9.005233049392700195e-01
1.768844221105527822e+03,8.996087908744812012e-01
1.778894472361809221e+03,8.999136090278625488e-01
1.788944723618090620e+03,9.001676440238952637e-01
1.798994974874372019e+03,9.000152349472045898e-01
1.809045226130653418e+03,9.000321626663208008e-01
1.819095477386934817e+03,8.992362022399902344e-01
1.829145728643216216e+03,9.006926417350769043e-01
1.839195979899497615e+03,9.001507163047790527e-01
1.849246231155779014e+03,9.004047513008117676e-01
1.859296482412060413e+03,9.004724621772766113e-01
1.869346733668341813e+03,9.003200531005859375e-01
1.879396984924623212e+03,8.995071649551391602e-01
1.889447236180904611e+03,8.999813795089721680e-01
1.899497487437186010e+03,9.005740880966186523e-01
1.909547738693467409e+03,9.002184867858886719e-01
1.919597989949748808e+03,9.007095694541931152e-01
1.929648241206030434e+03,9.004555344581604004e-01
1.939698492462311833e+03,9.002861976623535156e-01
1.949748743718593232e+03,9.004216790199279785e-01
1.959798994974874631e+03,9.000999331474304199e-01
1.969849246231156030e+03,9.011160135269165039e-01
1.979899497487437429e+03,9.002692699432373047e-01
1.989949748743718828e+03,9.004555344581604004e-01
2.000000000000000000e+03,9.006587862968444824e-01
