# n, training_loss
0.000000000000000000e+00,2.503569722175598145e-01
1.005025125628140792e+01,2.384907007217407227e-01
2.010050251256281584e+01,2.322540283203125000e-01
3.015075376884422553e+01,2.318869829177856445e-01
4.020100502512563168e+01,2.278840392827987671e-01
5.025125628140703782e+01,2.242885679006576538e-01
6.030150753768845107e+01,2.207134664058685303e-01
7.035175879396985010e+01,2.173953354358673096e-01
8.040201005025126335e+01,2.111879736185073853e-01
9.045226130653267660e+01,2.055018097162246704e-01
1.005025125628140756e+02,2.033305168151855469e-01
1.105527638190954889e+02,1.965230256319046021e-01
1.206030150753769021e+02,1.915053874254226685e-01
1.306532663316583012e+02,1.856655180454254150e-01
1.407035175879397002e+02,1.814253926277160645e-01
1.507537688442211277e+02,1.767351329326629639e-01
1.608040201005025267e+02,1.730033904314041138e-01
1.708542713567839257e+02,1.666357964277267456e-01
1.809045226130653532e+02,1.636526286602020264e-01
1.909547738693467522e+02,1.577012240886688232e-01
2.010050251256281513e+02,1.542232781648635864e-01
2.110552763819095787e+02,1.517037600278854370e-01
2.211055276381909778e+02,1.480703353881835938e-01
2.311557788944723768e+02,1.432702243328094482e-01
2.412060301507538043e+02,1.394102722406387329e-01
2.512562814070352033e+02,1.370745748281478882e-01
2.613065326633166023e+02,1.347763240337371826e-01
2.713567839195980014e+02,1.307115703821182251e-01
2.814070351758794004e+02,1.279938220977783203e-01
2.914572864321608563e+02,1.246656104922294617e-01
3.015075376884422553e+02,1.232700794935226440e-01
3.115577889447236544e+02,1.206895783543586731e-01
3.216080402010050534e+02,1.168207004666328430e-01
3.316582914572864524e+02,1.127786412835121155e-01
3.417085427135678515e+02,1.139284893870353699e-01
3.517587939698492505e+02,1.127538904547691345e-01
3.618090452261307064e+02,1.093243658542633057e-01
3.718592964824121054e+02,1.061801835894584656e-01
3.819095477386935045e+02,1.039928868412971497e-01
3.919597989949749035e+02,1.013720110058784485e-01
4.020100502512563025e+02,1.013749092817306519e-01
4.120603015075377016e+02,9.910032153129577637e-02
4.221105527638191575e+02,9.782142937183380127e-02
4.321608040201005565e+02,9.734946489334106445e-02
4.422110552763819555e+02,9.521639347076416016e-02
4.522613065326633546e+02,9.454970806837081909e-02
4.623115577889447536e+02,9.063633531332015991e-02
4.723618090452261526e+02,9.104948490858078003e-02
4.824120603015076085e+02,8.857375383377075195e-02
4.924623115577890076e+02,8.884765952825546265e-02
5.025125628140704066e+02,8.621989190578460693e-02
5.125628140703518056e+02,8.459392189979553223e-02
5.226130653266332047e+02,8.633011579513549805e-02
5.326633165829146037e+02,8.246065676212310791e-02
5.427135678391960028e+02,8.299364149570465088e-02
5.527638190954774018e+02,7.849803566932678223e-02
5.628140703517588008e+02,7.905752211809158325e-02
5.728643216080401999e+02,7.895650714635848999e-02
5.829145728643217126e+02,7.799121737480163574e-02
5.929648241206031116e+02,7.671879976987838745e-02
6.030150753768845107e+02,7.577788829803466797e-02
6.130653266331659097e+02,7.359357923269271851e-02
6.231155778894473087e+02,7.343831658363342285e-02
6.331658291457287078e+02,7.351189851760864258e-02
6.432160804020101068e+02,7.253508269786834717e-02
6.532663316582915058e+02,7.002585381269454956e-02
6.633165829145729049e+02,6.986258924007415771e-02
6.733668341708543039e+02,6.977748870849609375e-02
6.834170854271357030e+02,6.846195459365844727e-02
6.934673366834171020e+02,6.775192916393280029e-02
7.035175879396985010e+02,6.590463966131210327e-02
7.135678391959800138e+02,6.422135978937149048e-02
7.236180904522614128e+02,6.288926303386688232e-02
7.336683417085428118e+02,6.577664613723754883e-02
7.437185929648242109e+02,6.303560733795166016e-02
7.537688442211056099e+02,6.351222097873687744e-02
7.638190954773870089e+02,6.202251091599464417e-02
7.738693467336684080e+02,6.327030807733535767e-02
7.839195979899498070e+02,6.114647537469863892e-02
7.939698492462312061e+02,6.154879555106163025e-02
8.040201005025126051e+02,5.970997735857963562e-02
8.140703517587940041e+02,5.941692739725112915e-02
8.241206030150754032e+02,5.832652002573013306e-02
8.341708542713568022e+02,5.858761072158813477e-02
8.442211055276383149e+02,5.745955556631088257e-02
8.542713567839197140e+02,5.641810595989227295e-02
8.643216080402011130e+02,5.521480739116668701e-02
8.743718592964825120e+02,5.521315336227416992e-02
8.844221105527639111e+02,5.443043634295463562e-02
8.944723618090453101e+02,5.441225320100784302e-02
9.045226130653267091e+02,5.426707863807678223e-02
9.145728643216081082e+02,5.316682159900665283e-02
9.246231155778895072e+02,5.267960950732231140e-02
9.346733668341709063e+02,5.210330709815025330e-02
9.447236180904523053e+02,5.136295035481452942e-02
9.547738693467337043e+02,5.171941593289375305e-02
9.648241206030152171e+02,5.029409378767013550e-02
9.748743718592966161e+02,5.096919834613800049e-02
9.849246231155780151e+02,4.852478951215744019e-02
9.949748743718594142e+02,4.980067163705825806e-02
1.005025125628140813e+03,4.826698079705238342e-02
1.015075376884422212e+03,4.886456578969955444e-02
1.025125628140703611e+03,4.832102730870246887e-02
1.035175879396985010e+03,4.690857604146003723e-02
1.045226130653266409e+03,4.716507717967033386e-02
1.055276381909547808e+03,4.611108452081680298e-02
1.065326633165829207e+03,4.615479335188865662e-02
1.075376884422110606e+03,4.519814252853393555e-02
1.085427135678392006e+03,4.500351846218109131e-02
1.095477386934673405e+03,4.532327130436897278e-02
1.105527638190954804e+03,4.513539001345634460e-02
1.115577889447236203e+03,4.390785470604896545e-02
1.125628140703517602e+03,4.312910139560699463e-02
1.135678391959799001e+03,4.282993078231811523e-02
1.145728643216080400e+03,4.198051989078521729e-02
1.155778894472361799e+03,4.136502742767333984e-02
1.165829145728643425e+03,4.338584840297698975e-02
1.175879396984924824e+03,4.195892438292503357e-02
1.185929648241206223e+03,4.148135334253311157e-02
1.195979899497487622e+03,4.124978929758071899e-02
1.206030150753769021e+03,4.012178257107734680e-02
1.216080402010050420e+03,3.973615169525146484e-02
1.226130653266331819e+03,3.962930291891098022e-02
1.236180904522613218e+03,3.869335353374481201e-02
1.246231155778894617e+03,3.920381516218185425e-02
1.256281407035176017e+03,3.962621465325355530e-02
1.266331658291457416e+03,3.807767853140830994e-02
1.276381909547738815e+03,3.798859938979148865e-02
1.286432160804020214e+03,3.797254338860511780e-02
1.296482412060301613e+03,3.765403851866722107e-02
1.306532663316583012e+03,3.799286484718322754e-02
1.316582914572864411e+03,3.748859465122222900e-02
1.326633165829145810e+03,3.704193979501724243e-02
1.336683417085427209e+03,3.707670047879219055e-02
1.346733668341708608e+03,3.652751445770263672e-02
1.356783919597990007e+03,3.537501767277717590e-02
1.366834170854271406e+03,3.566665574908256531e-02
1.376884422110552805e+03,3.502010554075241089e-02
1.386934673366834204e+03,3.520947322249412537e-02
1.396984924623115603e+03,3.452740237116813660e-02
1.407035175879397002e+03,3.420255705714225769e-02
1.417085427135678628e+03,3.442873805761337280e-02
1.427135678391960028e+03,3.262266144156455994e-02
1.437185929648241427e+03,3.293400257825851440e-02
1.447236180904522826e+03,3.341908007860183716e-02
1.457286432160804225e+03,3.272719308733940125e-02
1.467336683417085624e+03,3.295721486210823059e-02
1.477386934673367023e+03,3.248513862490653992e-02
1.487437185929648422e+03,3.276126459240913391e-02
1.497487437185929821e+03,3.281963616609573364e-02
1.507537688442211220e+03,3.234705328941345215e-02
1.517587939698492619e+03,3.092729859054088593e-02
1.527638190954774018e+03,3.182980790734291077e-02
1.537688442211055417e+03,3.154895827174186707e-02
1.547738693467336816e+03,3.083501383662223816e-02
1.557788944723618215e+03,3.105926513671875000e-02
1.567839195979899614e+03,3.040465898811817169e-02
1.577889447236181013e+03,3.001201152801513672e-02
1.587939698492462412e+03,2.995548211038112640e-02
1.597989949748743811e+03,3.006298653781414032e-02
1.608040201005025210e+03,3.058644384145736694e-02
1.618090452261306609e+03,3.042568638920783997e-02
1.628140703517588008e+03,2.808889187872409821e-02
1.638190954773869407e+03,2.932006306946277618e-02
1.648241206030150806e+03,2.836828306317329407e-02
1.658291457286432205e+03,2.865267172455787659e-02
1.668341708542713604e+03,2.825233526527881622e-02
1.678391959798995231e+03,2.747721225023269653e-02
1.688442211055276630e+03,2.863956056535243988e-02
1.698492462311558029e+03,2.755386568605899811e-02
1.708542713567839428e+03,2.729491889476776123e-02
1.718592964824120827e+03,2.671856619417667389e-02
1.728643216080402226e+03,2.607692219316959381e-02
1.738693467336683625e+03,2.709247544407844543e-02
1.748743718592965024e+03,2.678310871124267578e-02
1.758793969849246423e+03,2.693728916347026825e-02
1.768844221105527822e+03,2.590500935912132263e-02
1.778894472361809221e+03,2.741700969636440277e-02
1.788944723618090620e+03,2.589455991983413696e-02
1.798994974874372019e+03,2.558380924165248871e-02
1.809045226130653418e+03,2.522934973239898682e-02
1.819095477386934817e+03,2.585473097860813141e-02
1.829145728643216216e+03,2.569758333265781403e-02
1.839195979899497615e+03,2.489085309207439423e-02
1.849246231155779014e+03,2.488483861088752747e-02
1.859296482412060413e+03,2.509947307407855988e-02
1.869346733668341813e+03,2.424721606075763702e-02
1.879396984924623212e+03,2.438892237842082977e-02
1.889447236180904611e+03,2.393027581274509430e-02
1.899497487437186010e+03,2.381017804145812988e-02
1.909547738693467409e+03,2.409604750573635101e-02
1.919597989949748808e+03,2.351229824125766754e-02
1.929648241206030434e+03,2.329747751355171204e-02
1.939698492462311833e+03,2.366364002227783203e-02
1.949748743718593232e+03,2.375171333551406860e-02
1.959798994974874631e+03,2.339125797152519226e-02
1.969849246231156030e+03,2.318871952593326569e-02
1.979899497487437429e+03,2.208083681762218475e-02
1.989949748743718828e+03,2.405583299696445465e-02
2.000000000000000000e+03,2.231964468955993652e-02
