# n,accuracy
0.000000000000000000e+00,5.066809058189392090e-01
1.005025125628140792e+01,6.012633442878723145e-01
2.010050251256281584e+01,6.013818979263305664e-01
3.015075376884422553e+01,6.024149656295776367e-01
4.020100502512563168e+01,6.051584482192993164e-01
5.025125628140703782e+01,6.091551184654235840e-01
6.030150753768845107e+01,6.151670813560485840e-01
7.035175879396985010e+01,6.252264976501464844e-01
8.040201005025126335e+01,6.374536156654357910e-01
9.045226130653267660e+01,6.465647220611572266e-01
1.005025125628140756e+02,6.637030243873596191e-01
1.105527638190954889e+02,6.781656146049499512e-01
1.206030150753769021e+02,6.926281452178955078e-01
1.306532663316583012e+02,7.097156643867492676e-01
1.407035175879397002e+02,7.244830727577209473e-01
1.507537688442211277e+02,7.369133830070495605e-01
1.608040201005025267e+02,7.495130896568298340e-01
1.708542713567839257e+02,7.644329071044921875e-01
1.809045226130653532e+02,7.694118618965148926e-01
1.909547738693467522e+02,7.787600159645080566e-01
2.010050251256281513e+02,7.885146141052246094e-01
2.110552763819095787e+02,7.924943566322326660e-01
2.211055276381909778e+02,7.993699908256530762e-01
2.311557788944723768e+02,8.062456846237182617e-01
2.412060301507538043e+02,8.117495775222778320e-01
2.512562814070352033e+02,8.178800940513610840e-01
2.613065326633166023e+02,8.205727338790893555e-01
2.713567839195980014e+02,8.233500719070434570e-01
2.814070351758794004e+02,8.311910629272460938e-01
2.914572864321608563e+02,8.322240710258483887e-01
3.015075376884422553e+02,8.349506258964538574e-01
3.115577889447236544e+02,8.399972915649414062e-01
3.216080402010050534e+02,8.411658406257629395e-01
3.316582914572864524e+02,8.439262509346008301e-01
3.417085427135678515e+02,8.439262509346008301e-01
3.517587939698492505e+02,8.479737043380737305e-01
3.618090452261307064e+02,8.513607382774353027e-01
3.718592964824121054e+02,8.508018851280212402e-01
3.819095477386935045e+02,8.550864458084106445e-01
3.919597989949749035e+02,8.575589656829833984e-01
4.020100502512563025e+02,8.585411906242370605e-01
4.120603015075377016e+02,8.602516651153564453e-01
4.221105527638191575e+02,8.618605136871337891e-01
4.321608040201005565e+02,8.633168935775756836e-01
4.422110552763819555e+02,8.647564053535461426e-01
4.522613065326633546e+02,8.656539320945739746e-01
4.623115577889447536e+02,8.671950697898864746e-01
4.723618090452261526e+02,8.676014542579650879e-01
4.824120603015076085e+02,8.692441582679748535e-01
4.924623115577890076e+02,8.709884881973266602e-01
5.025125628140704066e+02,8.719199299812316895e-01
5.125628140703518056e+02,8.719877004623413086e-01
5.226130653266332047e+02,8.729021549224853516e-01
5.326633165829146037e+02,8.738166689872741699e-01
5.427135678391960028e+02,8.748835921287536621e-01
5.527638190954774018e+02,8.755779266357421875e-01
5.628140703517588008e+02,8.773899674415588379e-01
5.728643216080401999e+02,8.763061165809631348e-01
5.829145728643217126e+02,8.770851492881774902e-01
5.929648241206031116e+02,8.796253800392150879e-01
6.030150753768845107e+02,8.788802623748779297e-01
6.130653266331659097e+02,8.804044127464294434e-01
6.231155778894473087e+02,8.813189268112182617e-01
6.331658291457287078e+02,8.812173008918762207e-01
6.432160804020101068e+02,8.815898895263671875e-01
6.532663316582915058e+02,8.814374208450317383e-01
6.633165829145729049e+02,8.823011517524719238e-01
6.733668341708543039e+02,8.835543394088745117e-01
6.834170854271357030e+02,8.844857811927795410e-01
6.934673366834171020e+02,8.841809630393981934e-01
7.035175879396985010e+02,8.851292729377746582e-01
7.135678391959800138e+02,8.850107789039611816e-01
7.236180904522614128e+02,8.854341506958007812e-01
7.336683417085428118e+02,8.873139023780822754e-01
7.437185929648242109e+02,8.865010142326354980e-01
7.537688442211056099e+02,8.877881169319152832e-01
7.638190954773870089e+02,8.875002264976501465e-01
7.738693467336684080e+02,8.888211250305175781e-01
7.839195979899498070e+02,8.879743814468383789e-01
7.939698492462312061e+02,8.891260027885437012e-01
8.040201005025126051e+02,8.891937136650085449e-01
8.140703517587940041e+02,8.889227509498596191e-01
8.241206030150754032e+02,8.887026309967041016e-01
8.341708542713568022e+02,8.897525668144226074e-01
8.442211055276383149e+02,8.898203372955322266e-01
8.542713567839197140e+02,8.908872008323669434e-01
8.643216080402011130e+02,8.903961181640625000e-01
8.743718592964825120e+02,8.906162381172180176e-01
8.844221105527639111e+02,8.913614153861999512e-01
8.944723618090453101e+02,8.904808163642883301e-01
9.045226130653267091e+02,8.919202685356140137e-01
9.145728643216081082e+02,8.913614153861999512e-01
9.246231155778895072e+02,8.920896053314208984e-01
9.346733668341709063e+02,8.917847871780395508e-01
9.447236180904523053e+02,8.917678594589233398e-01
9.547738693467337043e+02,8.928008675575256348e-01
9.648241206030152171e+02,8.928855657577514648e-01
9.748743718592966161e+02,8.945113420486450195e-01
9.849246231155780151e+02,8.933936357498168945e-01
9.949748743718594142e+02,8.930888175964355469e-01
1.005025125628140813e+03,8.943589329719543457e-01
1.015075376884422212e+03,8.939694166183471680e-01
1.025125628140703611e+03,8.931565284729003906e-01
1.035175879396985010e+03,8.947992324829101562e-01
1.045226130653266409e+03,8.934952616691589355e-01
1.055276381909547808e+03,8.938339352607727051e-01
1.065326633165829207e+03,8.944435715675354004e-01
1.075376884422110606e+03,8.937661647796630859e-01
1.085427135678392006e+03,8.948330879211425781e-01
1.095477386934673405e+03,8.952733874320983887e-01
1.105527638190954804e+03,8.951548933982849121e-01
1.115577889447236203e+03,8.944944143295288086e-01
1.125628140703517602e+03,8.950532674789428711e-01
1.135678391959799001e+03,8.949347138404846191e-01
1.145728643216080400e+03,8.954766392707824707e-01
1.155778894472361799e+03,8.955613374710083008e-01
1.165829145728643425e+03,8.963911533355712891e-01
1.175879396984924824e+03,8.956629037857055664e-01
1.185929648241206223e+03,8.961201906204223633e-01
1.195979899497487622e+03,8.965097069740295410e-01
1.206030150753769021e+03,8.962556719779968262e-01
1.216080402010050420e+03,8.963064551353454590e-01
1.226130653266331819e+03,8.965774178504943848e-01
1.236180904522613218e+03,8.973564505577087402e-01
1.246231155778894617e+03,8.965604901313781738e-01
1.256281407035176017e+03,8.968991637229919434e-01
1.266331658291457416e+03,8.975257873535156250e-01
1.276381909547738815e+03,8.968653082847595215e-01
1.286432160804020214e+03,8.968653082847595215e-01
1.296482412060301613e+03,8.974580168724060059e-01
1.306532663316583012e+03,8.969500064849853516e-01
1.316582914572864411e+03,8.967806100845336914e-01
1.326633165829145810e+03,8.969160914421081543e-01
1.336683417085427209e+03,8.976612687110900879e-01
1.346733668341708608e+03,8.974919319152832031e-01
1.356783919597990007e+03,8.972378969192504883e-01
1.366834170854271406e+03,8.975427150726318359e-01
1.376884422110552805e+03,8.978475332260131836e-01
1.386934673366834204e+03,8.983894586563110352e-01
1.396984924623115603e+03,8.982878923416137695e-01
1.407035175879397002e+03,8.988975286483764648e-01
1.417085427135678628e+03,8.985080122947692871e-01
1.427135678391960028e+03,8.979491591453552246e-01
1.437185929648241427e+03,8.980846405029296875e-01
1.447236180904522826e+03,8.982201218605041504e-01
1.457286432160804225e+03,8.980846405029296875e-01
1.467336683417085624e+03,8.984403014183044434e-01
1.477386934673367023e+03,8.987789750099182129e-01
1.487437185929648422e+03,8.987451195716857910e-01
1.497487437185929821e+03,8.988636732101440430e-01
1.507537688442211220e+03,8.980507850646972656e-01
1.517587939698492619e+03,8.995410799980163574e-01
1.527638190954774018e+03,8.993886709213256836e-01
1.537688442211055417e+03,8.989483118057250977e-01
1.547738693467336816e+03,8.992531895637512207e-01
1.557788944723618215e+03,8.995749354362487793e-01
1.567839195979899614e+03,8.987959027290344238e-01
1.577889447236181013e+03,8.997442722320556641e-01
1.587939698492462412e+03,8.992362022399902344e-01
1.597989949748743811e+03,8.994225263595581055e-01
1.608040201005025210e+03,8.987959027290344238e-01
1.618090452261306609e+03,8.994225263595581055e-01
1.628140703517588008e+03,8.992870450019836426e-01
1.638190954773869407e+03,8.986434936523437500e-01
1.648241206030150806e+03,8.992023468017578125e-01
1.658291457286432205e+03,8.996426463127136230e-01
1.668341708542713604e+03,8.992531895637512207e-01
1.678391959798995231e+03,8.999644517898559570e-01
1.688442211055276630e+03,8.995580077171325684e-01
1.698492462311558029e+03,8.986773490905761719e-01
1.708542713567839428e+03,8.992531895637512207e-01
1.718592964824120827e+03,8.993547558784484863e-01
1.728643216080402226e+03,8.999983072280883789e-01
1.738693467336683625e+03,8.996765613555908203e-01
1.748743718592965024e+03,8.993378281593322754e-01
1.758793969849246423e+03,9.000321626663208008e-01
1.768844221105527822e+03,8.998120427131652832e-01
1.778894472361809221e+03,8.998120427131652832e-01
1.788944723618090620e+03,8.998458981513977051e-01
1.798994974874372019e+03,8.995580077171325684e-01
1.809045226130653418e+03,8.994902372360229492e-01
1.819095477386934817e+03,9.001507163047790527e-01
1.829145728643216216e+03,8.997611999511718750e-01
1.839195979899497615e+03,8.999983072280883789e-01
1.849246231155779014e+03,9.004386067390441895e-01
1.859296482412060413e+03,8.994902372360229492e-01
1.869346733668341813e+03,8.997611999511718750e-01
1.879396984924623212e+03,8.994733095169067383e-01
1.889447236180904611e+03,9.003878235816955566e-01
1.899497487437186010e+03,9.002692699432373047e-01
1.909547738693467409e+03,9.002523422241210938e-01
1.919597989949748808e+03,8.998797535896301270e-01
1.929648241206030434e+03,9.007264971733093262e-01
1.939698492462311833e+03,8.999305367469787598e-01
1.949748743718593232e+03,9.002861976623535156e-01
1.959798994974874631e+03,9.003539681434631348e-01
1.969849246231156030e+03,9.006926417350769043e-01
1.979899497487437429e+03,9.007095694541931152e-01
1.989949748743718828e+03,9.003200531005859375e-01
2.000000000000000000e+03,8.998628258705139160e-01
