# kappa, training_loss
0.000000000000000000e+00,2.501029372215270996e-01
5.465982710677462775e-01,2.352966815233230591e-01
6.937889895409101726e-01,2.357300072908401489e-01
7.824312572046496772e-01,2.295988202095031738e-01
8.460615962526876199e-01,2.275705039501190186e-01
8.957322357434127635e-01,2.247706949710845947e-01
9.364797101953331593e-01,2.216723114252090454e-01
9.710270228722077679e-01,2.136657685041427612e-01
1.001014195803149098e+00,2.081632912158966064e-01
1.027505902983703256e+00,2.076236158609390259e-01
1.051232633098942548e+00,2.000074982643127441e-01
1.072717396545236124e+00,1.969669610261917114e-01
1.092347546653356316e+00,1.897296905517578125e-01
1.110417983986649482e+00,1.868838965892791748e-01
1.127158422239247892e+00,1.811659038066864014e-01
1.142751289221362043e+00,1.722465604543685913e-01
1.157343875892839158e+00,1.696061789989471436e-01
1.171056818011483092e+00,1.639805436134338379e-01
1.183990163565912246e+00,1.587862372398376465e-01
1.196227806382955672e+00,1.554989963769912720e-01
1.207840786981726033e+00,1.514675766229629517e-01
1.218889791147550028e+00,1.487157195806503296e-01
1.229427069413384199e+00,1.423116773366928101e-01
1.239497931397755881e+00,1.423024237155914307e-01
1.249141923219553973e+00,1.359042674303054810e-01
1.258393765375012352e+00,1.340148150920867920e-01
1.267284107276597460e+00,1.315763145685195923e-01
1.275840139847672194e+00,1.276403963565826416e-01
1.284086097057565823e+00,1.239562630653381348e-01
1.292043669715308818e+00,1.222717240452766418e-01
1.299732349320964486e+00,1.188835725188255310e-01
1.307169715698477175e+00,1.167821362614631653e-01
1.314371679091508760e+00,1.136479750275611877e-01
1.321352685108514891e+00,1.105277016758918762e-01
1.328125889154992301e+00,1.086426228284835815e-01
1.334703305647047644e+00,1.086815521121025085e-01
1.341095936258817733e+00,1.061806380748748779e-01
1.347313880642501349e+00,1.052001938223838806e-01
1.353366432419210508e+00,9.993445873260498047e-02
1.359262162731158741e+00,1.026988327503204346e-01
1.365008993240611979e+00,9.988795965909957886e-02
1.370614260135808893e+00,9.647695720195770264e-02
1.376084770441408311e+00,9.661509841680526733e-02
1.381426851717722171e+00,9.338300675153732300e-02
1.386646396058843322e+00,9.206452220678329468e-02
1.391748899156880714e+00,8.991865813732147217e-02
1.396739495081702698e+00,8.829437196254730225e-02
1.401622987328003944e+00,8.877989649772644043e-02
1.406403876600330838e+00,8.728417754173278809e-02
1.411086385738904214e+00,8.508175611495971680e-02
1.415674482132192269e+00,8.426617085933685303e-02
1.420171897914331405e+00,8.250328153371810913e-02
1.424582148205026710e+00,8.159896731376647949e-02
1.428908547615276747e+00,8.007042855024337769e-02
1.433154225213092658e+00,7.881537824869155884e-02
1.437322138118475756e+00,7.823815196752548218e-02
1.441415083875610348e+00,7.762484252452850342e-02
1.445435711731916761e+00,7.534190267324447632e-02
1.449386532937860128e+00,7.446033507585525513e-02
1.453269930167793156e+00,7.320908457040786743e-02
1.457088166150340314e+00,7.330066710710525513e-02
1.460843391586594375e+00,7.324014604091644287e-02
1.464537652425511371e+00,7.148427516222000122e-02
1.468172896558121776e+00,7.016959786415100098e-02
1.471750979985396057e+00,7.014806568622589111e-02
1.475273672508656375e+00,6.890505552291870117e-02
1.478742662986215484e+00,6.724279373884201050e-02
1.482159564195322465e+00,6.789498776197433472e-02
1.485525917334453050e+00,6.572307646274566650e-02
1.488843196197408236e+00,6.658696383237838745e-02
1.492112811047514143e+00,6.417968869209289551e-02
1.495336112217414692e+00,6.400033086538314819e-02
1.498514393457456517e+00,6.260153651237487793e-02
1.501648895053443233e+00,6.254406273365020752e-02
1.504740806732564051e+00,6.198776140809059143e-02
1.507791270374537529e+00,5.941081419587135315e-02
1.510801382543428550e+00,5.977801233530044556e-02
1.513772196854185959e+00,5.959100276231765747e-02
1.516704726186686614e+00,5.821207910776138306e-02
1.519599944758921684e+00,5.845502018928527832e-02
1.522458790069946888e+00,5.731600150465965271e-02
1.525282164722291611e+00,5.626369267702102661e-02
1.528070938132694012e+00,5.537490174174308777e-02
1.530825948139268311e+00,5.533706396818161011e-02
1.533548002512546082e+00,5.469973012804985046e-02
1.536237880377202547e+00,5.453011393547058105e-02
1.538896333550733520e+00,5.348751321434974670e-02
1.541524087804834853e+00,5.294487997889518738e-02
1.544121844054781256e+00,5.306094884872436523e-02
1.546690279481677921e+00,5.161935836076736450e-02
1.549230048592085129e+00,4.991078749299049377e-02
1.551741784219156539e+00,5.079720541834831238e-02
1.554226098469131179e+00,4.906161129474639893e-02
1.556683583616710775e+00,4.974658787250518799e-02
1.559114812952609563e+00,4.939056560397148132e-02
1.561520341586299709e+00,4.807611182332038879e-02
1.563900707206772100e+00,4.921283200383186340e-02
1.566256430803918409e+00,4.848496615886688232e-02
1.568588017352953834e+00,4.670458287000656128e-02
1.570895956464130272e+00,4.720111191272735596e-02
1.573180722999833803e+00,4.639746993780136108e-02
1.575442777661006488e+00,4.676131531596183777e-02
1.577682567544710812e+00,4.646515101194381714e-02
1.579900526674517858e+00,4.578629136085510254e-02
1.582097076505297739e+00,4.500193148851394653e-02
1.584272626403879114e+00,4.524205252528190613e-02
1.586427574106949123e+00,4.322096332907676697e-02
1.588562306157473625e+00,4.256083816289901733e-02
1.590677198320839869e+00,4.306305944919586182e-02
1.592772615981833839e+00,4.312271252274513245e-02
1.594848914523511185e+00,4.316993057727813721e-02
1.596906439688937196e+00,4.253856092691421509e-02
1.598945527926718624e+00,4.200889542698860168e-02
1.600966506721192895e+00,4.209927469491958618e-02
1.602969694908082277e+00,4.217420890927314758e-02
1.604955402976377510e+00,4.158186540007591248e-02
1.606923933357161216e+00,4.000397399067878723e-02
1.608875580700046770e+00,3.907725587487220764e-02
1.610810632137863241e+00,4.018923267722129822e-02
1.612729367540182368e+00,3.897310420870780945e-02
1.614632059756242910e+00,3.850676864385604858e-02
1.616518974847807044e+00,3.863812983036041260e-02
1.618390372312438430e+00,3.889464959502220154e-02
1.620246505297676665e+00,3.803018480539321899e-02
1.622087620806545116e+00,3.748752176761627197e-02
1.623913959894812908e+00,3.743308782577514648e-02
1.625725757860404519e+00,3.645095974206924438e-02
1.627523244425326254e+00,3.808999061584472656e-02
1.629306643910466645e+00,3.670797869563102722e-02
1.631076175403597395e+00,3.534708172082901001e-02
1.632832052920894839e+00,3.643972426652908325e-02
1.634574485562275914e+00,3.480518236756324768e-02
1.636303677660833289e+00,3.471123799681663513e-02
1.638019828926635002e+00,3.523572906851768494e-02
1.639723134585140851e+00,3.487421199679374695e-02
1.641413785510480006e+00,3.498808667063713074e-02
1.643091968353810106e+00,3.350061550736427307e-02
1.644757865666981900e+00,3.451251238584518433e-02
1.646411656021707470e+00,3.365750983357429504e-02
1.648053514124429464e+00,3.336401283740997314e-02
1.649683610927077160e+00,3.278411179780960083e-02
1.651302113733883470e+00,3.255935758352279663e-02
1.652909186304428291e+00,3.307316079735755920e-02
1.654504988953072298e+00,3.213418647646903992e-02
1.656089678644924401e+00,3.264561668038368225e-02
1.657663409088493633e+00,3.258301317691802979e-02
1.659226330825157358e+00,3.213927894830703735e-02
1.660778591315580810e+00,3.181530535221099854e-02
1.662320335023204754e+00,2.958772704005241394e-02
1.663851703494927170e+00,3.058480098843574524e-02
1.665372835439087762e+00,3.066687099635601044e-02
1.666883866800862979e+00,2.987944148480892181e-02
1.668384930835173030e+00,2.986883185803890228e-02
1.669876158177203029e+00,2.936790697276592255e-02
1.671357676910625090e+00,3.046204708516597748e-02
1.672829612633616403e+00,2.926673553884029388e-02
1.674292088522754796e+00,2.920396253466606140e-02
1.675745225394874582e+00,2.856548875570297241e-02
1.677189141766959102e+00,2.825427986681461334e-02
1.678623953914146316e+00,2.947548031806945801e-02
1.680049775925915867e+00,2.822146564722061157e-02
1.681466719760528861e+00,2.764658257365226746e-02
1.682874895297779450e+00,2.822256647050380707e-02
1.684274410390128818e+00,2.700547501444816589e-02
1.685665370912272643e+00,2.688665501773357391e-02
1.687047880809205758e+00,2.762985043227672577e-02
1.688422042142831980e+00,2.804740890860557556e-02
1.689787955137179720e+00,2.643216215074062347e-02
1.691145718222264005e+00,2.692493423819541931e-02
1.692495428076651320e+00,2.643079869449138641e-02
1.693837179668767234e+00,2.611042372882366180e-02
1.695171066296994100e+00,2.599062770605087280e-02
1.696497179628601470e+00,2.577819861471652985e-02
1.697815609737546305e+00,2.587890811264514923e-02
1.699126445141186936e+00,2.505700476467609406e-02
1.700429772835944098e+00,2.505050785839557648e-02
1.701725678331947211e+00,2.487437613308429718e-02
1.703014245686699013e+00,2.501976490020751953e-02
1.704295557537793826e+00,2.502748370170593262e-02
1.705569695134717678e+00,2.461048774421215057e-02
1.706836738369765794e+00,2.470280602574348450e-02
1.708096765808100992e+00,2.474171482026576996e-02
1.709349854716987860e+00,2.427648194134235382e-02
1.710596081094223120e+00,2.380677685141563416e-02
1.711835519695794394e+00,2.379809319972991943e-02
1.713068244062788237e+00,2.372641488909721375e-02
1.714294326547573855e+00,2.305846475064754486e-02
1.715513838339285169e+00,2.326026186347007751e-02
1.716726849488623197e+00,2.327059954404830933e-02
1.717933428932001627e+00,2.327244170010089874e-02
1.719133644515055792e+00,2.304279245436191559e-02
1.720327563015533245e+00,2.322196774184703827e-02
1.721515250165589705e+00,2.290588431060314178e-02
1.722696770673503686e+00,2.211992442607879639e-02
1.723872188244830905e+00,2.237023040652275085e-02
1.725041565603016469e+00,2.156965807080268860e-02
1.726204964509478801e+00,2.209161408245563507e-02
1.727362445783183320e+00,2.142254449427127838e-02
1.728514069319720070e+00,2.155696414411067963e-02
1.729659894109902618e+00,2.215112559497356415e-02
