# n, training_loss
0.000000000000000000e+00,2.501597404479980469e-01
1.005025125628140792e+01,2.376794815063476562e-01
2.010050251256281584e+01,2.362057268619537354e-01
3.015075376884422553e+01,2.326982468366622925e-01
4.020100502512563168e+01,2.155289649963378906e-01
5.025125628140703782e+01,1.883728504180908203e-01
6.030150753768845107e+01,1.585597842931747437e-01
7.035175879396985010e+01,1.358870267868041992e-01
8.040201005025126335e+01,1.252767294645309448e-01
9.045226130653267660e+01,9.381218999624252319e-02
1.005025125628140756e+02,6.495852768421173096e-02
1.105527638190954889e+02,5.762857943773269653e-02
1.206030150753769021e+02,3.955524414777755737e-02
1.306532663316583012e+02,3.319375962018966675e-02
1.407035175879397002e+02,3.208819776773452759e-02
1.507537688442211277e+02,2.183686569333076477e-02
1.608040201005025267e+02,2.103320509195327759e-02
1.708542713567839257e+02,1.613359153270721436e-02
1.809045226130653532e+02,1.251244265586137772e-02
1.909547738693467522e+02,1.125126052647829056e-02
2.010050251256281513e+02,1.309259701520204544e-02
2.110552763819095787e+02,7.734123151749372482e-03
2.211055276381909778e+02,6.214214954525232315e-03
2.311557788944723768e+02,4.715888295322656631e-03
2.412060301507538043e+02,4.147074185311794281e-03
2.512562814070352033e+02,4.008925519883632660e-03
2.613065326633166023e+02,3.263711929321289062e-03
2.713567839195980014e+02,2.476253081113100052e-03
2.814070351758794004e+02,1.935353153385221958e-03
2.914572864321608563e+02,1.695347717031836510e-03
3.015075376884422553e+02,1.400212408043444157e-03
3.115577889447236544e+02,1.445700530894100666e-03
3.216080402010050534e+02,1.037317211739718914e-03
3.316582914572864524e+02,9.290578309446573257e-04
3.417085427135678515e+02,8.522945572622120380e-04
3.517587939698492505e+02,7.733623497188091278e-04
3.618090452261307064e+02,6.916262209415435791e-04
3.718592964824121054e+02,6.162950885482132435e-04
3.819095477386935045e+02,5.637087742798030376e-04
3.919597989949749035e+02,5.567962070927023888e-04
4.020100502512563025e+02,4.940803628414869308e-04
4.120603015075377016e+02,4.509339050855487585e-04
4.221105527638191575e+02,4.279582062736153603e-04
4.321608040201005565e+02,4.128422879148274660e-04
4.422110552763819555e+02,5.439012893475592136e-04
4.522613065326633546e+02,3.407955809962004423e-04
4.623115577889447536e+02,3.220773651264607906e-04
4.723618090452261526e+02,3.225911932531744242e-04
4.824120603015076085e+02,2.977628028020262718e-04
4.924623115577890076e+02,2.677424636203795671e-04
5.025125628140704066e+02,2.663769992068409920e-04
5.125628140703518056e+02,2.555671671871095896e-04
5.226130653266332047e+02,2.405020350124686956e-04
5.326633165829146037e+02,2.308294206159189343e-04
5.427135678391960028e+02,3.828288754448294640e-04
5.527638190954774018e+02,2.096700773108750582e-04
5.628140703517588008e+02,1.917508052429184318e-04
5.728643216080401999e+02,1.798042794689536095e-04
5.829145728643217126e+02,1.744934706948697567e-04
5.929648241206031116e+02,1.665532472543418407e-04
6.030150753768845107e+02,1.648290344746783376e-04
6.130653266331659097e+02,1.529410947114229202e-04
6.231155778894473087e+02,1.381452166242524981e-04
6.331658291457287078e+02,1.420857588527724147e-04
6.432160804020101068e+02,1.345843338640406728e-04
6.532663316582915058e+02,1.275194372283294797e-04
6.633165829145729049e+02,1.318456488661468029e-04
6.733668341708543039e+02,1.180777690024115145e-04
6.834170854271357030e+02,1.190644106827676296e-04
6.934673366834171020e+02,1.094462131732143462e-04
7.035175879396985010e+02,1.085679032257758081e-04
7.135678391959800138e+02,1.025436358759179711e-04
7.236180904522614128e+02,9.636869799578562379e-05
7.336683417085428118e+02,9.318714728578925133e-05
7.437185929648242109e+02,9.601951751392334700e-05
7.537688442211056099e+02,8.796290785539895296e-05
7.638190954773870089e+02,8.217248250730335712e-05
7.738693467336684080e+02,2.525613235775381327e-04
7.839195979899498070e+02,2.505349984858185053e-04
7.939698492462312061e+02,7.932235166663303971e-05
8.040201005025126051e+02,7.647604070371016860e-05
8.140703517587940041e+02,7.361705502262338996e-05
8.241206030150754032e+02,7.460714550688862801e-05
8.341708542713568022e+02,6.868682976346462965e-05
8.442211055276383149e+02,6.348598981276154518e-05
8.542713567839197140e+02,6.450657383538782597e-05
8.643216080402011130e+02,6.266306445468217134e-05
8.743718592964825120e+02,6.066976493457332253e-05
8.844221105527639111e+02,6.262224633246660233e-05
8.944723618090453101e+02,2.239940076833590865e-04
9.045226130653267091e+02,5.363323725759983063e-05
9.145728643216081082e+02,5.256927761365659535e-05
9.246231155778895072e+02,4.915325189358554780e-05
9.346733668341709063e+02,2.176026609959080815e-04
9.447236180904523053e+02,4.769845691043883562e-05
9.547738693467337043e+02,4.687281034421175718e-05
9.648241206030152171e+02,4.516359695116989315e-05
9.748743718592966161e+02,4.433875801623798907e-05
9.849246231155780151e+02,4.449059269973076880e-05
9.949748743718594142e+02,4.198920942144468427e-05
1.005025125628140813e+03,4.369658927316777408e-05
1.015075376884422212e+03,4.204947254038415849e-05
1.025125628140703611e+03,4.096620614291168749e-05
1.035175879396985010e+03,2.078759862342849374e-04
1.045226130653266409e+03,3.770780313061550260e-05
1.055276381909547808e+03,3.924940756405703723e-05
1.065326633165829207e+03,3.606416066759265959e-05
1.075376884422110606e+03,3.610994463087990880e-05
1.085427135678392006e+03,3.474672121228650212e-05
1.095477386934673405e+03,3.354953878442756832e-05
1.105527638190954804e+03,3.399109846213832498e-05
1.115577889447236203e+03,3.383445437066257000e-05
1.125628140703517602e+03,3.129274409729987383e-05
1.135678391959799001e+03,2.013040502788498998e-04
1.145728643216080400e+03,3.087467121076770127e-05
1.155778894472361799e+03,1.996087230509147048e-04
1.165829145728643425e+03,2.782332558126654476e-05
1.175879396984924824e+03,1.965252304216846824e-04
1.185929648241206223e+03,2.721360397117678076e-05
1.195979899497487622e+03,2.676977237570099533e-05
1.206030150753769021e+03,2.618732651171740144e-05
1.216080402010050420e+03,2.624482658575288951e-05
1.226130653266331819e+03,2.499131915101315826e-05
1.236180904522613218e+03,2.543777554819826037e-05
1.246231155778894617e+03,2.383669925620779395e-05
1.256281407035176017e+03,2.348607813473790884e-05
1.266331658291457416e+03,2.256693551316857338e-05
1.276381909547738815e+03,2.280479930050205439e-05
1.286432160804020214e+03,2.120971657859627157e-05
1.296482412060301613e+03,1.924422103911638260e-04
1.306532663316583012e+03,2.079215664707589895e-05
1.316582914572864411e+03,2.148664134438149631e-05
1.326633165829145810e+03,1.905725512187927961e-04
1.336683417085427209e+03,2.140757169399876148e-05
1.346733668341708608e+03,2.048845635727047920e-05
1.356783919597990007e+03,2.013972880376968533e-05
1.366834170854271406e+03,1.859383337432518601e-05
1.376884422110552805e+03,1.837746094679459929e-05
1.386934673366834204e+03,1.838495882111601532e-05
1.396984924623115603e+03,1.821031764848157763e-05
1.407035175879397002e+03,1.813601738831494004e-05
1.417085427135678628e+03,1.776581302692648023e-05
1.427135678391960028e+03,1.714326026558410376e-05
1.437185929648241427e+03,1.714453719614539295e-05
1.447236180904522826e+03,1.685920688032638282e-05
1.457286432160804225e+03,1.624626202101353556e-05
1.467336683417085624e+03,1.621137016627471894e-05
1.477386934673367023e+03,1.621692535991314799e-05
1.487437185929648422e+03,1.588499071658588946e-05
1.497487437185929821e+03,1.530145527794957161e-05
1.507537688442211220e+03,1.520818204880924895e-05
1.517587939698492619e+03,1.487626832386013120e-05
1.527638190954774018e+03,1.511827122158138081e-05
1.537688442211055417e+03,1.467967194912489504e-05
1.547738693467336816e+03,1.454017638025106862e-05
1.557788944723618215e+03,1.385081395710585639e-05
1.567839195979899614e+03,1.362821876682573929e-05
1.577889447236181013e+03,1.362271632388001308e-05
1.587939698492462412e+03,1.364069794362876564e-05
1.597989949748743811e+03,1.308778246311703697e-05
1.608040201005025210e+03,1.291931675950763747e-05
1.618090452261306609e+03,1.235463969351258129e-05
1.628140703517588008e+03,1.296959817409515381e-05
1.638190954773869407e+03,1.233294187841238454e-05
1.648241206030150806e+03,1.195275308418786153e-05
1.658291457286432205e+03,1.813134877011179924e-04
1.668341708542713604e+03,1.140094082074938342e-05
1.678391959798995231e+03,1.143523513746913522e-05
1.688442211055276630e+03,1.087015971279470250e-05
1.698492462311558029e+03,1.076515218301210552e-05
1.708542713567839428e+03,1.103326849261065945e-05
1.718592964824120827e+03,1.073122984962537885e-05
1.728643216080402226e+03,1.065315700543578714e-05
1.738693467336683625e+03,1.798703160602599382e-04
1.748743718592965024e+03,9.922698154696263373e-06
1.758793969849246423e+03,1.008128128887619823e-05
1.768844221105527822e+03,9.723189577925950289e-06
1.778894472361809221e+03,9.972924090106971562e-06
1.788944723618090620e+03,9.984907592297531664e-06
1.798994974874372019e+03,9.653611414250917733e-06
1.809045226130653418e+03,9.954002052836585790e-06
1.819095477386934817e+03,9.569990652380511165e-06
1.829145728643216216e+03,9.349118045065551996e-06
1.839195979899497615e+03,9.086874342756345868e-06
1.849246231155779014e+03,1.779380399966612458e-04
1.859296482412060413e+03,8.956587407737970352e-06
1.869346733668341813e+03,8.507208804076071829e-06
1.879396984924623212e+03,8.782455552136525512e-06
1.889447236180904611e+03,8.357895239896606654e-06
1.899497487437186010e+03,8.123385669023264199e-06
1.909547738693467409e+03,8.176836672646459192e-06
1.919597989949748808e+03,8.767477083893027157e-06
1.929648241206030434e+03,7.774480764055624604e-06
1.939698492462311833e+03,7.887319952715188265e-06
1.949748743718593232e+03,7.859128345444332808e-06
1.959798994974874631e+03,7.719481800450012088e-06
1.969849246231156030e+03,7.425503099511843175e-06
1.979899497487437429e+03,7.825415195839013904e-06
1.989949748743718828e+03,7.475736310880165547e-06
2.000000000000000000e+03,7.296057447092607617e-06
