# n, training_loss
0.000000000000000000e+00,5.012030005455017090e-01
1.002004008016032088e+01,3.410281538963317871e-01
2.004008016032064177e+01,2.940837442874908447e-01
3.006012024048096265e+01,2.513352334499359131e-01
4.008016032064128353e+01,2.205671668052673340e-01
5.010020040080160442e+01,1.993104070425033569e-01
6.012024048096192530e+01,1.875956356525421143e-01
7.014028056112223908e+01,1.790656298398971558e-01
8.016032064128256707e+01,1.729708313941955566e-01
9.018036072144289506e+01,1.675673276185989380e-01
1.002004008016032088e+02,1.626594513654708862e-01
1.102204408817635226e+02,1.580805629491806030e-01
1.202404809619238506e+02,1.539533138275146484e-01
1.302605210420841786e+02,1.501637995243072510e-01
1.402805611222444782e+02,1.465354561805725098e-01
1.503006012024048061e+02,1.430080384016036987e-01
1.603206412825651341e+02,1.395818442106246948e-01
1.703406813627254621e+02,1.363181322813034058e-01
1.803607214428857901e+02,1.331838220357894897e-01
1.903807615230460897e+02,1.301581114530563354e-01
2.004008016032064177e+02,1.272172182798385620e-01
2.104208416833667457e+02,1.243182122707366943e-01
2.204408817635270452e+02,1.215217188000679016e-01
2.304609218436873732e+02,1.188474744558334351e-01
2.404809619238477012e+02,1.163451448082923889e-01
2.505010020040080292e+02,1.139815300703048706e-01
2.605210420841683572e+02,1.117340326309204102e-01
2.705410821643286567e+02,1.095465347170829773e-01
2.805611222444889563e+02,1.074070036411285400e-01
2.905811623246493127e+02,1.053050383925437927e-01
3.006012024048096123e+02,1.032081171870231628e-01
3.106212424849699687e+02,1.011436060070991516e-01
3.206412825651302683e+02,9.917836636304855347e-02
3.306613226452905678e+02,9.729581326246261597e-02
3.406813627254509242e+02,9.547135233879089355e-02
3.507014028056112238e+02,9.370511770248413086e-02
3.607214428857715802e+02,9.199363738298416138e-02
3.707414829659318798e+02,9.032326936721801758e-02
3.807615230460921794e+02,8.867995440959930420e-02
3.907815631262525358e+02,8.706204593181610107e-02
4.008016032064128353e+02,8.547526597976684570e-02
4.108216432865731349e+02,8.392772823572158813e-02
4.208416833667334913e+02,8.240472525358200073e-02
4.308617234468937909e+02,8.092162013053894043e-02
4.408817635270540904e+02,7.946181297302246094e-02
4.509018036072144469e+02,7.804619520902633667e-02
4.609218436873747464e+02,7.666726410388946533e-02
4.709418837675351028e+02,7.532462477684020996e-02
4.809619238476954024e+02,7.402021437883377075e-02
4.909819639278557020e+02,7.275225967168807983e-02
5.010020040080160584e+02,7.151948660612106323e-02
5.110220440881763579e+02,7.031569629907608032e-02
5.210420841683367144e+02,6.914416700601577759e-02
5.310621242484969571e+02,6.799719482660293579e-02
5.410821643286573135e+02,6.688091158866882324e-02
5.511022044088176699e+02,6.578271836042404175e-02
5.611222444889779126e+02,6.471307575702667236e-02
5.711422845691382690e+02,6.367146968841552734e-02
5.811623246492986254e+02,6.267108768224716187e-02
5.911823647294589819e+02,6.168155372142791748e-02
6.012024048096192246e+02,6.073933839797973633e-02
6.112224448897795810e+02,5.980404093861579895e-02
6.212424849699399374e+02,5.889221653342247009e-02
6.312625250501001801e+02,5.807254463434219360e-02
6.412825651302605365e+02,5.717927962541580200e-02
6.513026052104208929e+02,5.631923675537109375e-02
6.613226452905811357e+02,5.549080297350883484e-02
6.713426853707414921e+02,5.467717722058296204e-02
6.813627254509018485e+02,5.390170961618423462e-02
6.913827655310620912e+02,5.314400792121887207e-02
7.014028056112224476e+02,5.241916328668594360e-02
7.114228456913828040e+02,5.172100663185119629e-02
7.214428857715431604e+02,5.100029334425926208e-02
7.314629258517034032e+02,5.029745399951934814e-02
7.414829659318637596e+02,4.960501939058303833e-02
7.515030060120241160e+02,4.895508289337158203e-02
7.615230460921843587e+02,4.828317463397979736e-02
7.715430861723447151e+02,4.765588417649269104e-02
7.815631262525050715e+02,4.701112210750579834e-02
7.915831663326653143e+02,4.639557003974914551e-02
8.016032064128256707e+02,4.580713063478469849e-02
8.116232464929860271e+02,4.524218291044235229e-02
8.216432865731462698e+02,4.467004165053367615e-02
8.316633266533066262e+02,4.410788416862487793e-02
8.416833667334669826e+02,4.360002651810646057e-02
8.517034068136272253e+02,4.300928860902786255e-02
8.617234468937875818e+02,4.249512776732444763e-02
8.717434869739479382e+02,4.194117337465286255e-02
8.817635270541081809e+02,4.141682386398315430e-02
8.917835671342685373e+02,4.096325859427452087e-02
9.018036072144288937e+02,4.038426652550697327e-02
9.118236472945892501e+02,3.987006098031997681e-02
9.218436873747494928e+02,3.937545791268348694e-02
9.318637274549098493e+02,3.890148177742958069e-02
9.418837675350702057e+02,3.838716447353363037e-02
9.519038076152304484e+02,3.793802484869956970e-02
9.619238476953908048e+02,3.745196387171745300e-02
9.719438877755511612e+02,3.697755187749862671e-02
9.819639278557114039e+02,3.655099496245384216e-02
9.919839679358717603e+02,3.604456037282943726e-02
1.002004008016032117e+03,3.562899306416511536e-02
1.012024048096192359e+03,3.518045321106910706e-02
1.022044088176352716e+03,3.479780256748199463e-02
1.032064128256512959e+03,3.435652330517768860e-02
1.042084168336673429e+03,3.395976126194000244e-02
1.052104208416833671e+03,3.357193246483802795e-02
1.062124248496993914e+03,3.315122053027153015e-02
1.072144288577154384e+03,3.276293352246284485e-02
1.082164328657314627e+03,3.241540491580963135e-02
1.092184368737474870e+03,3.198662027716636658e-02
1.102204408817635340e+03,3.162976354360580444e-02
1.112224448897795583e+03,3.124570287764072418e-02
1.122244488977955825e+03,3.088385984301567078e-02
1.132264529058116295e+03,3.054679185152053833e-02
1.142284569138276538e+03,3.024869970977306366e-02
1.152304609218437008e+03,2.986408397555351257e-02
1.162324649298597251e+03,2.949352189898490906e-02
1.172344689378757494e+03,2.917186915874481201e-02
1.182364729458917964e+03,2.883245237171649933e-02
1.192384769539078206e+03,2.851770259439945221e-02
1.202404809619238449e+03,2.821344695985317230e-02
1.212424849699398919e+03,2.787949889898300171e-02
1.222444889779559162e+03,2.757220156490802765e-02
1.232464929859719405e+03,2.728853188455104828e-02
1.242484969939879875e+03,2.697900310158729553e-02
1.252505010020040118e+03,2.667926251888275146e-02
1.262525050100200360e+03,2.641346491873264313e-02
1.272545090180360830e+03,2.611622586846351624e-02
1.282565130260521073e+03,2.583405748009681702e-02
1.292585170340681316e+03,2.558457665145397186e-02
1.302605210420841786e+03,2.530460432171821594e-02
1.312625250501002029e+03,2.504668571054935455e-02
1.322645290581162271e+03,2.481027878820896149e-02
1.332665330661322741e+03,2.457863092422485352e-02
1.342685370741482984e+03,2.432888001203536987e-02
1.352705410821643227e+03,2.410607039928436279e-02
1.362725450901803697e+03,2.386693842709064484e-02
1.372745490981963940e+03,2.365060895681381226e-02
1.382765531062124182e+03,2.342547290027141571e-02
1.392785571142284653e+03,2.320015802979469299e-02
1.402805611222444895e+03,2.299192734062671661e-02
1.412825651302605138e+03,2.277501858770847321e-02
1.422845691382765608e+03,2.255640923976898193e-02
1.432865731462925851e+03,2.234929613769054413e-02
1.442885771543086321e+03,2.216067723929882050e-02
1.452905811623246564e+03,2.195086143910884857e-02
1.462925851703406806e+03,2.175710350275039673e-02
1.472945891783567276e+03,2.156061492860317230e-02
1.482965931863727519e+03,2.136906795203685760e-02
1.492985971943887762e+03,2.119637280702590942e-02
1.503006012024048232e+03,2.101008780300617218e-02
1.513026052104208475e+03,2.083364874124526978e-02
1.523046092184368717e+03,2.066542208194732666e-02
1.533066132264529188e+03,2.048387192189693451e-02
1.543086172344689430e+03,2.030816487967967987e-02
1.553106212424849673e+03,2.013482712209224701e-02
1.563126252505010143e+03,1.995197683572769165e-02
1.573146292585170386e+03,1.977250352501869202e-02
1.583166332665330629e+03,1.959756016731262207e-02
1.593186372745491099e+03,1.942413859069347382e-02
1.603206412825651341e+03,1.925605535507202148e-02
1.613226452905811584e+03,1.909277588129043579e-02
1.623246492985972054e+03,1.891784183681011200e-02
1.633266533066132297e+03,1.875354722142219543e-02
1.643286573146292540e+03,1.859742775559425354e-02
1.653306613226453010e+03,1.842815242707729340e-02
1.663326653306613252e+03,1.827075518667697906e-02
1.673346693386773495e+03,1.812365278601646423e-02
1.683366733466933965e+03,1.797707751393318176e-02
1.693386773547094208e+03,1.782448031008243561e-02
1.703406813627254451e+03,1.768642291426658630e-02
1.713426853707414921e+03,1.753838732838630676e-02
1.723446893787575164e+03,1.739921793341636658e-02
1.733466933867735406e+03,1.726899482309818268e-02
1.743486973947895876e+03,1.712432317435741425e-02
1.753507014028056119e+03,1.698666810989379883e-02
1.763527054108216362e+03,1.685966737568378448e-02
1.773547094188376832e+03,1.672102883458137512e-02
1.783567134268537075e+03,1.658578775823116302e-02
1.793587174348697545e+03,1.646121032536029816e-02
1.803607214428857787e+03,1.633387990295886993e-02
1.813627254509018030e+03,1.620503701269626617e-02
1.823647294589178500e+03,1.608942262828350067e-02
1.833667334669338743e+03,1.596553996205329895e-02
1.843687374749498986e+03,1.584585942327976227e-02
1.853707414829659456e+03,1.572974026203155518e-02
1.863727454909819699e+03,1.561993453651666641e-02
1.873747494989979941e+03,1.550092641264200211e-02
1.883767535070140411e+03,1.538373064249753952e-02
1.893787575150300654e+03,1.526910997927188873e-02
1.903807615230460897e+03,1.515977922827005386e-02
1.913827655310621367e+03,1.503559295088052750e-02
1.923847695390781610e+03,1.492008380591869354e-02
1.933867735470941852e+03,1.480597350746393204e-02
1.943887775551102322e+03,1.468189433217048645e-02
1.953907815631262565e+03,1.456820685416460037e-02
1.963927855711422808e+03,1.444442104548215866e-02
1.973947895791583278e+03,1.432739291340112686e-02
1.983967935871743521e+03,1.421983167529106140e-02
1.993987975951903763e+03,1.410830859094858170e-02
2.004008016032064234e+03,1.400448475033044815e-02
2.014028056112224476e+03,1.391108985990285873e-02
2.024048096192384719e+03,1.381945982575416565e-02
2.034068136272545189e+03,1.372655015438795090e-02
2.044088176352705432e+03,1.364231109619140625e-02
2.054108216432865902e+03,1.355171855539083481e-02
2.064128256513025917e+03,1.347138546407222748e-02
2.074148296593186387e+03,1.338457223027944565e-02
2.084168336673346857e+03,1.330216974020004272e-02
2.094188376753506873e+03,1.322284061461687088e-02
2.104208416833667343e+03,1.314054522663354874e-02
2.114228456913827813e+03,1.306038815528154373e-02
2.124248496993987828e+03,1.298018451780080795e-02
2.134268537074148298e+03,1.289875805377960205e-02
2.144288577154308769e+03,1.281685940921306610e-02
2.154308617234468784e+03,1.273433119058609009e-02
2.164328657314629254e+03,1.265229750424623489e-02
2.174348697394789724e+03,1.257305033504962921e-02
2.184368737474949739e+03,1.249635592103004456e-02
2.194388777555110210e+03,1.242177840322256088e-02
2.204408817635270680e+03,1.234821230173110962e-02
2.214428857715430695e+03,1.227734796702861786e-02
2.224448897795591165e+03,1.220791973173618317e-02
2.234468937875751635e+03,1.213962398469448090e-02
2.244488977955911650e+03,1.207393594086170197e-02
2.254509018036072121e+03,1.200835499912500381e-02
2.264529058116232591e+03,1.194597966969013214e-02
2.274549098196393061e+03,1.188244204968214035e-02
2.284569138276553076e+03,1.182161737233400345e-02
2.294589178356713546e+03,1.176085043698549271e-02
2.304609218436874016e+03,1.170208118855953217e-02
2.314629258517034032e+03,1.164354663342237473e-02
2.324649298597194502e+03,1.158662978559732437e-02
2.334669338677354972e+03,1.152989268302917480e-02
2.344689378757514987e+03,1.147438772022724152e-02
2.354709418837675457e+03,1.141905970871448517e-02
2.364729458917835927e+03,1.136430166661739349e-02
2.374749498997995943e+03,1.130956225097179413e-02
2.384769539078156413e+03,1.125481724739074707e-02
2.394789579158316883e+03,1.119993161410093307e-02
2.404809619238476898e+03,1.114446576684713364e-02
2.414829659318637368e+03,1.108887325972318649e-02
2.424849699398797839e+03,1.103317737579345703e-02
2.434869739478957854e+03,1.097748614847660065e-02
2.444889779559118324e+03,1.092126965522766113e-02
2.454909819639278794e+03,1.086464431136846542e-02
2.464929859719438809e+03,1.080738473683595657e-02
2.474949899799599280e+03,1.074991188943386078e-02
2.484969939879759750e+03,1.069241017103195190e-02
2.494989979959919765e+03,1.063543744385242462e-02
2.505010020040080235e+03,1.057953480631113052e-02
2.515030060120240705e+03,1.052484288811683655e-02
2.525050100200400720e+03,1.047159358859062195e-02
2.535070140280561191e+03,1.041929889470338821e-02
2.545090180360721661e+03,1.036779303103685379e-02
2.555110220440881676e+03,1.031617540866136551e-02
2.565130260521042146e+03,1.026376057416200638e-02
2.575150300601202616e+03,1.021015644073486328e-02
2.585170340681362632e+03,1.015551108866930008e-02
2.595190380761523102e+03,1.010018587112426758e-02
2.605210420841683572e+03,1.004456542432308197e-02
2.615230460921843587e+03,9.989133104681968689e-03
2.625250501002004057e+03,9.934081695973873138e-03
2.635270541082164527e+03,9.879409335553646088e-03
2.645290581162324543e+03,9.824534878134727478e-03
2.655310621242485013e+03,9.769684635102748871e-03
2.665330661322645483e+03,9.715018793940544128e-03
2.675350701402805498e+03,9.660394862294197083e-03
2.685370741482965968e+03,9.605976752936840057e-03
2.695390781563126438e+03,9.551588445901870728e-03
2.705410821643286454e+03,9.497059509158134460e-03
2.715430861723446924e+03,9.442149661481380463e-03
2.725450901803607394e+03,9.387040510773658752e-03
2.735470941883767409e+03,9.333166293799877167e-03
2.745490981963927879e+03,9.281341917812824249e-03
2.755511022044088350e+03,9.231553412973880768e-03
2.765531062124248365e+03,9.183353744447231293e-03
2.775551102204408835e+03,9.136208333075046539e-03
2.785571142284569305e+03,9.089443832635879517e-03
2.795591182364729320e+03,9.042730554938316345e-03
2.805611222444889790e+03,8.995023556053638458e-03
2.815631262525050261e+03,8.946045301854610443e-03
2.825651302605210276e+03,8.894852362573146820e-03
2.835671342685370746e+03,8.842188864946365356e-03
2.845691382765531216e+03,8.790292777121067047e-03
2.855711422845691231e+03,8.740226738154888153e-03
2.865731462925851702e+03,8.691534399986267090e-03
2.875751503006012172e+03,8.643570356070995331e-03
2.885771543086172642e+03,8.595199324190616608e-03
2.895791583166332657e+03,8.545883931219577789e-03
2.905811623246493127e+03,8.495889604091644287e-03
2.915831663326653597e+03,8.445651270449161530e-03
2.925851703406813613e+03,8.396403864026069641e-03
2.935871743486974083e+03,8.348468691110610962e-03
2.945891783567134553e+03,8.301306515932083130e-03
2.955911823647294568e+03,8.254712447524070740e-03
2.965931863727455038e+03,8.208478800952434540e-03
2.975951903807615508e+03,8.162633515894412994e-03
2.985971943887775524e+03,8.117554709315299988e-03
2.995991983967935994e+03,8.074019104242324829e-03
3.006012024048096464e+03,8.031669072806835175e-03
3.016032064128256479e+03,7.991025224328041077e-03
3.026052104208416949e+03,7.952058687806129456e-03
3.036072144288577420e+03,7.914199493825435638e-03
3.046092184368737435e+03,7.877369411289691925e-03
3.056112224448897905e+03,7.841275073587894440e-03
3.066132264529058375e+03,7.805970963090658188e-03
3.076152304609218390e+03,7.771111093461513519e-03
3.086172344689378860e+03,7.736129220575094223e-03
3.096192384769539331e+03,7.700555492192506790e-03
3.106212424849699346e+03,7.663523312658071518e-03
3.116232464929859816e+03,7.623269688338041306e-03
3.126252505010020286e+03,7.578463759273290634e-03
3.136272545090180301e+03,7.528408896178007126e-03
3.146292585170340772e+03,7.476883009076118469e-03
3.156312625250501242e+03,7.431002799421548843e-03
3.166332665330661257e+03,7.391088176518678665e-03
3.176352705410821727e+03,7.355121430009603500e-03
3.186372745490982197e+03,7.321635261178016663e-03
3.196392785571142213e+03,7.289553061127662659e-03
3.206412825651302683e+03,7.258405443280935287e-03
3.216432865731463153e+03,7.227898575365543365e-03
3.226452905811623168e+03,7.197429426014423370e-03
3.236472945891783638e+03,7.166502531617879868e-03
3.246492985971944108e+03,7.134530693292617798e-03
3.256513026052104124e+03,7.100688293576240540e-03
3.266533066132264594e+03,7.064434699714183807e-03
3.276553106212425064e+03,7.025460246950387955e-03
3.286573146292585079e+03,6.984568666666746140e-03
3.296593186372745549e+03,6.944586057215929031e-03
3.306613226452906019e+03,6.907238159328699112e-03
3.316633266533066035e+03,6.872518919408321381e-03
3.326653306613226505e+03,6.839567795395851135e-03
3.336673346693386975e+03,6.808199454098939896e-03
3.346693386773546990e+03,6.777632050216197968e-03
3.356713426853707460e+03,6.747747771441936493e-03
3.366733466933867930e+03,6.718562915921211243e-03
3.376753507014027946e+03,6.689413450658321381e-03
3.386773547094188416e+03,6.660658400505781174e-03
3.396793587174348886e+03,6.631900556385517120e-03
3.406813627254508901e+03,6.603260990232229233e-03
3.416833667334669371e+03,6.574331782758235931e-03
3.426853707414829842e+03,6.545518524944782257e-03
3.436873747494989857e+03,6.516917608678340912e-03
3.446893787575150327e+03,6.488741841167211533e-03
3.456913827655310797e+03,6.461866665631532669e-03
3.466933867735470812e+03,6.435965653508901596e-03
3.476953907815631283e+03,6.410988047719001770e-03
3.486973947895791753e+03,6.386749446392059326e-03
3.496993987975951768e+03,6.363077089190483093e-03
3.507014028056112238e+03,6.340147461742162704e-03
3.517034068136272708e+03,6.317668128758668900e-03
3.527054108216432724e+03,6.295540370047092438e-03
3.537074148296593194e+03,6.273598410189151764e-03
3.547094188376753664e+03,6.252179853618144989e-03
3.557114228456914134e+03,6.230808328837156296e-03
3.567134268537074149e+03,6.209482438862323761e-03
3.577154308617234619e+03,6.188144441694021225e-03
3.587174348697395089e+03,6.167047657072544098e-03
3.597194388777555105e+03,6.145866587758064270e-03
3.607214428857715575e+03,6.124578882008790970e-03
3.617234468937876045e+03,6.103503983467817307e-03
3.627254509018036060e+03,6.082257255911827087e-03
3.637274549098196530e+03,6.061103194952011108e-03
3.647294589178357000e+03,6.040258333086967468e-03
3.657314629258517016e+03,6.019275635480880737e-03
3.667334669338677486e+03,5.998700391501188278e-03
3.677354709418837956e+03,5.978027358651161194e-03
3.687374749498997971e+03,5.957194603979587555e-03
3.697394789579158441e+03,5.936482921242713928e-03
3.707414829659318912e+03,5.915732588618993759e-03
3.717434869739478927e+03,5.894750356674194336e-03
3.727454909819639397e+03,5.873471498489379883e-03
3.737474949899799867e+03,5.851568654179573059e-03
3.747494989979959882e+03,5.828983150422573090e-03
3.757515030060120353e+03,5.805769003927707672e-03
3.767535070140280823e+03,5.782321095466613770e-03
3.777555110220440838e+03,5.759366787970066071e-03
3.787575150300601308e+03,5.737366154789924622e-03
3.797595190380761778e+03,5.716675892472267151e-03
3.807615230460921794e+03,5.696850363165140152e-03
3.817635270541082264e+03,5.678207613527774811e-03
3.827655310621242734e+03,5.660205613821744919e-03
3.837675350701402749e+03,5.642931908369064331e-03
3.847695390781563219e+03,5.626297555863857269e-03
3.857715430861723689e+03,5.610073916614055634e-03
3.867735470941883705e+03,5.594033282250165939e-03
3.877755511022044175e+03,5.578310694545507431e-03
3.887775551102204645e+03,5.562573205679655075e-03
3.897795591182364660e+03,5.546474363654851913e-03
3.907815631262525130e+03,5.529272835701704025e-03
3.917835671342685600e+03,5.508592352271080017e-03
3.927855711422845616e+03,5.477176979184150696e-03
3.937875751503006086e+03,5.438890773802995682e-03
3.947895791583166556e+03,5.413455422967672348e-03
3.957915831663326571e+03,5.394818261265754700e-03
3.967935871743487041e+03,5.378758069127798080e-03
3.977955911823647511e+03,5.363954231142997742e-03
3.987975951903807527e+03,5.349818617105484009e-03
3.997995991983967997e+03,5.336001515388488770e-03
4.008016032064128467e+03,5.322261713445186615e-03
4.018036072144288482e+03,5.307982210069894791e-03
4.028056112224448952e+03,5.291454493999481201e-03
4.038076152304609423e+03,5.262894555926322937e-03
4.048096192384769438e+03,5.206683650612831116e-03
4.058116232464929908e+03,5.182263907045125961e-03
4.068136272545090378e+03,5.166752729564905167e-03
4.078156312625250393e+03,5.153181031346321106e-03
4.088176352705410864e+03,5.140651483088731766e-03
4.098196392785571334e+03,5.128735210746526718e-03
4.108216432865731804e+03,5.117159336805343628e-03
4.118236472945892274e+03,5.105800461024045944e-03
4.128256513026051834e+03,5.094725172966718674e-03
4.138276553106212305e+03,5.083683878183364868e-03
4.148296593186372775e+03,5.072772968560457230e-03
4.158316633266533245e+03,5.061823874711990356e-03
4.168336673346693715e+03,5.050872918218374252e-03
4.178356713426854185e+03,5.039700306951999664e-03
4.188376753507013746e+03,5.028240382671356201e-03
4.198396793587174216e+03,5.016273353248834610e-03
4.208416833667334686e+03,5.003277678042650223e-03
4.218436873747495156e+03,4.988164640963077545e-03
4.228456913827655626e+03,4.968904424458742142e-03
4.238476953907816096e+03,4.943333100527524948e-03
4.248496993987975657e+03,4.916145466268062592e-03
4.258517034068136127e+03,4.892936442047357559e-03
4.268537074148296597e+03,4.871801007539033890e-03
4.278557114228457067e+03,4.850713536143302917e-03
4.288577154308617537e+03,4.829551093280315399e-03
4.298597194388778007e+03,4.809959791600704193e-03
4.308617234468937568e+03,4.792958498001098633e-03
4.318637274549098038e+03,4.778137430548667908e-03
4.328657314629258508e+03,4.764815326780080795e-03
4.338677354709418978e+03,4.752520006150007248e-03
4.348697394789579448e+03,4.740818403661251068e-03
4.358717434869739918e+03,4.729596897959709167e-03
4.368737474949899479e+03,4.718722309917211533e-03
4.378757515030059949e+03,4.707977175712585449e-03
4.388777555110220419e+03,4.697327967733144760e-03
4.398797595190380889e+03,4.686558619141578674e-03
4.408817635270541359e+03,4.675559233874082565e-03
4.418837675350701829e+03,4.663799889385700226e-03
4.428857715430861390e+03,4.650583490729331970e-03
4.438877755511021860e+03,4.632310476154088974e-03
4.448897795591182330e+03,4.595216829329729080e-03
4.458917835671342800e+03,4.554036539047956467e-03
4.468937875751503270e+03,4.528705496340990067e-03
4.478957915831663740e+03,4.508455749601125717e-03
4.488977955911823301e+03,4.487317055463790894e-03
4.498997995991983771e+03,4.462790675461292267e-03
4.509018036072144241e+03,4.438128322362899780e-03
4.519038076152304711e+03,4.417570307850837708e-03
4.529058116232465181e+03,4.400400910526514053e-03
4.539078156312625651e+03,4.385523032397031784e-03
4.549098196392786122e+03,4.372211638838052750e-03
4.559118236472945682e+03,4.360022954642772675e-03
4.569138276553106152e+03,4.348694346845149994e-03
4.579158316633266622e+03,4.338033497333526611e-03
4.589178356713427092e+03,4.327855072915554047e-03
4.599198396793587563e+03,4.318213090300559998e-03
4.609218436873748033e+03,4.308917094022035599e-03
4.619238476953907593e+03,4.299941007047891617e-03
4.629258517034068063e+03,4.291237797588109970e-03
4.639278557114228533e+03,4.282781388610601425e-03
4.649298597194389004e+03,4.274588078260421753e-03
4.659318637274549474e+03,4.266566596925258636e-03
4.669338677354709944e+03,4.258740693330764771e-03
4.679358717434869504e+03,4.251077305525541306e-03
4.689378757515029974e+03,4.243568517267704010e-03
4.699398797595190445e+03,4.236191045492887497e-03
4.709418837675350915e+03,4.228934179991483688e-03
4.719438877755511385e+03,4.221794195473194122e-03
4.729458917835671855e+03,4.214714281260967255e-03
4.739478957915831415e+03,4.207755438983440399e-03
4.749498997995991886e+03,4.200824536383152008e-03
4.759519038076152356e+03,4.193972796201705933e-03
4.769539078156312826e+03,4.187198821455240250e-03
4.779559118236473296e+03,4.180376883596181870e-03
4.789579158316633766e+03,4.173657856881618500e-03
4.799599198396793327e+03,4.166897386312484741e-03
4.809619238476953797e+03,4.160115960985422134e-03
4.819639278557114267e+03,4.153310321271419525e-03
4.829659318637274737e+03,4.146420396864414215e-03
4.839679358717435207e+03,4.139360971748828888e-03
4.849699398797595677e+03,4.132099449634552002e-03
4.859719438877755238e+03,4.124479368329048157e-03
4.869739478957915708e+03,4.116398282349109650e-03
4.879759519038076178e+03,4.107590299099683762e-03
4.889779559118236648e+03,4.097775556147098541e-03
4.899799599198397118e+03,4.086729604750871658e-03
4.909819639278557588e+03,4.074425902217626572e-03
4.919839679358717149e+03,4.061602056026458740e-03
4.929859719438877619e+03,4.049180541187524796e-03
4.939879759519038089e+03,4.037666134536266327e-03
4.949899799599198559e+03,4.026994574815034866e-03
4.959919839679359029e+03,4.017075058072805405e-03
4.969939879759519499e+03,4.007698968052864075e-03
4.979959919839679060e+03,3.998597152531147003e-03
4.989979959919839530e+03,3.989633172750473022e-03
5.000000000000000000e+03,3.980409819632768631e-03
