# kappa, training_loss
0.000000000000000000e+00,2.502728700637817383e-01
5.465982710677462775e-01,2.427133768796920776e-01
6.937889895409101726e-01,2.387813627719879150e-01
7.824312572046496772e-01,2.330492585897445679e-01
8.460615962526876199e-01,2.203842997550964355e-01
8.957322357434127635e-01,1.949122995138168335e-01
9.364797101953331593e-01,1.678828299045562744e-01
9.710270228722077679e-01,1.419298797845840454e-01
1.001014195803149098e+00,1.242327615618705750e-01
1.027505902983703256e+00,1.009128466248512268e-01
1.051232633098942548e+00,7.940509170293807983e-02
1.072717396545236124e+00,6.089559942483901978e-02
1.092347546653356316e+00,4.709690436720848083e-02
1.110417983986649482e+00,3.730807453393936157e-02
1.127158422239247892e+00,2.942740172147750854e-02
1.142751289221362043e+00,2.652551233768463135e-02
1.157343875892839158e+00,1.977425813674926758e-02
1.171056818011483092e+00,1.492514740675687790e-02
1.183990163565912246e+00,1.494358200579881668e-02
1.196227806382955672e+00,1.126393303275108337e-02
1.207840786981726033e+00,1.014272402971982956e-02
1.218889791147550028e+00,8.638674393296241760e-03
1.229427069413384199e+00,6.949146278202533722e-03
1.239497931397755881e+00,5.574536509811878204e-03
1.249141923219553973e+00,4.531573969870805740e-03
1.258393765375012352e+00,3.511586226522922516e-03
1.267284107276597460e+00,2.958588534966111183e-03
1.275840139847672194e+00,2.292582998052239418e-03
1.284086097057565823e+00,1.854120753705501556e-03
1.292043669715308818e+00,1.661446411162614822e-03
1.299732349320964486e+00,1.314159249886870384e-03
1.307169715698477175e+00,1.198279554955661297e-03
1.314371679091508760e+00,1.007851911708712578e-03
1.321352685108514891e+00,1.234600553289055824e-03
1.328125889154992301e+00,1.046102028340101242e-03
1.334703305647047644e+00,1.047716592438519001e-03
1.341095936258817733e+00,6.952045368961989880e-04
1.347313880642501349e+00,9.344603749923408031e-04
1.353366432419210508e+00,7.081321091391146183e-04
1.359262162731158741e+00,4.912920994684100151e-04
1.365008993240611979e+00,6.416926044039428234e-04
1.370614260135808893e+00,4.492795269470661879e-04
1.376084770441408311e+00,3.944761119782924652e-04
1.381426851717722171e+00,3.648760030046105385e-04
1.386646396058843322e+00,3.440476139076054096e-04
1.391748899156880714e+00,4.901536158286035061e-04
1.396739495081702698e+00,4.729343345388770103e-04
1.401622987328003944e+00,2.920830447692424059e-04
1.406403876600330838e+00,4.398892633616924286e-04
1.411086385738904214e+00,2.561588480602949858e-04
1.415674482132192269e+00,3.971265396103262901e-04
1.420171897914331405e+00,2.411116147413849831e-04
1.424582148205026710e+00,5.564210587181150913e-04
1.428908547615276747e+00,3.722628171090036631e-04
1.433154225213092658e+00,3.284139093011617661e-04
1.437322138118475756e+00,1.894624147098511457e-04
1.441415083875610348e+00,1.802630285965278745e-04
1.445435711731916761e+00,1.660686975810676813e-04
1.449386532937860128e+00,1.657505199545994401e-04
1.453269930167793156e+00,1.413007412338629365e-04
1.457088166150340314e+00,3.082975745201110840e-04
1.460843391586594375e+00,1.446301903342828155e-04
1.464537652425511371e+00,3.013726382050663233e-04
1.468172896558121776e+00,1.287602644879370928e-04
1.471750979985396057e+00,1.200681654154323041e-04
1.475273672508656375e+00,1.139123196480795741e-04
1.478742662986215484e+00,1.090925143216736615e-04
1.482159564195322465e+00,2.729395346250385046e-04
1.485525917334453050e+00,2.696666051633656025e-04
1.488843196197408236e+00,9.544260683469474316e-05
1.492112811047514143e+00,9.334555943496525288e-05
1.495336112217414692e+00,4.304732137825340033e-04
1.498514393457456517e+00,2.482499112375080585e-04
1.501648895053443233e+00,8.499549585394561291e-05
1.504740806732564051e+00,7.587201253045350313e-05
1.507791270374537529e+00,2.470047911629080772e-04
1.510801382543428550e+00,7.551295857410877943e-05
1.513772196854185959e+00,7.212429045466706157e-05
1.516704726186686614e+00,7.114638719940558076e-05
1.519599944758921684e+00,4.050990391988307238e-04
1.522458790069946888e+00,6.531201506732031703e-05
1.525282164722291611e+00,6.025480979587882757e-05
1.528070938132694012e+00,6.275647319853305817e-05
1.530825948139268311e+00,5.871747634955681860e-05
1.533548002512546082e+00,2.587083727121353149e-04
1.536237880377202547e+00,7.198165258159860969e-05
1.538896333550733520e+00,6.349168688757345080e-05
1.541524087804834853e+00,5.564932871493510902e-05
1.544121844054781256e+00,5.511739800567738712e-05
1.546690279481677921e+00,5.199273073230870068e-05
1.549230048592085129e+00,5.003098340239375830e-05
1.551741784219156539e+00,4.742293458548374474e-05
1.554226098469131179e+00,4.382177212391979992e-05
1.556683583616710775e+00,4.477543188841082156e-05
1.559114812952609563e+00,4.081639417563565075e-05
1.561520341586299709e+00,3.953649138566106558e-05
1.563900707206772100e+00,4.017458923044614494e-05
1.566256430803918409e+00,3.782760904869064689e-05
1.568588017352953834e+00,3.713455589604564011e-05
1.570895956464130272e+00,2.067070745397359133e-04
1.573180722999833803e+00,3.629258571891114116e-05
1.575442777661006488e+00,3.519466918078251183e-05
1.577682567544710812e+00,2.030749164987355471e-04
1.579900526674517858e+00,3.280421151430346072e-05
1.582097076505297739e+00,3.084907802985981107e-05
1.584272626403879114e+00,3.209289570804685354e-05
1.586427574106949123e+00,3.686825511977076530e-04
1.588562306157473625e+00,3.013604691659566015e-05
1.590677198320839869e+00,2.812548700603656471e-05
1.592772615981833839e+00,1.990255404962226748e-04
1.594848914523511185e+00,2.763638440228533000e-05
1.596906439688937196e+00,2.607421811262611300e-05
1.598945527926718624e+00,2.588107781775761396e-05
1.600966506721192895e+00,1.945151161635294557e-04
1.602969694908082277e+00,1.938709319802001119e-04
1.604955402976377510e+00,2.431500797683838755e-05
1.606923933357161216e+00,2.222366310888901353e-05
1.608875580700046770e+00,2.389067958574742079e-05
1.610810632137863241e+00,1.918281632242724299e-04
1.612729367540182368e+00,1.907531404867768288e-04
1.614632059756242910e+00,2.134117858076933771e-05
1.616518974847807044e+00,2.071355993393808603e-05
1.618390372312438430e+00,1.894039742182940245e-04
1.620246505297676665e+00,1.908804915728978813e-05
1.622087620806545116e+00,2.053055322903674096e-05
1.623913959894812908e+00,1.917170266096945852e-05
1.625725757860404519e+00,1.878515286080073565e-05
1.627523244425326254e+00,1.861665805336087942e-05
1.629306643910466645e+00,1.891780993901193142e-05
1.631076175403597395e+00,1.750730734784156084e-05
1.632832052920894839e+00,1.823559432523325086e-05
1.634574485562275914e+00,1.859204348875209689e-04
1.636303677660833289e+00,1.728450661175884306e-05
1.638019828926635002e+00,1.729606447042897344e-05
1.639723134585140851e+00,1.682237052591517568e-05
1.641413785510480006e+00,1.610730032552964985e-05
1.643091968353810106e+00,1.520182468084385619e-05
1.644757865666981900e+00,1.511157734057633206e-05
1.646411656021707470e+00,1.428435643902048469e-05
1.648053514124429464e+00,1.509701633040094748e-05
1.649683610927077160e+00,1.415213682776084170e-05
1.651302113733883470e+00,1.390564557368634269e-05
1.652909186304428291e+00,1.454645826015621424e-05
1.654504988953072298e+00,1.381295078317634761e-05
1.656089678644924401e+00,1.833444548537954688e-04
1.657663409088493633e+00,1.285350754187675193e-05
1.659226330825157358e+00,1.315129702561534941e-05
1.660778591315580810e+00,1.252991296496475115e-05
1.662320335023204754e+00,1.251088815479306504e-05
1.663851703494927170e+00,1.212950246554100886e-05
1.665372835439087762e+00,1.211626204167259857e-05
1.666883866800862979e+00,1.150392381532583386e-05
1.668384930835173030e+00,1.147362945630447939e-05
1.669876158177203029e+00,1.150876596511807293e-05
1.671357676910625090e+00,1.133673595177242532e-05
1.672829612633616403e+00,1.800529571482911706e-04
1.674292088522754796e+00,1.076927765097934753e-05
1.675745225394874582e+00,1.091182184609351680e-05
1.677189141766959102e+00,9.849295565800275654e-06
1.678623953914146316e+00,1.053600590239511803e-05
1.680049775925915867e+00,1.029494069371139631e-05
1.681466719760528861e+00,1.788580702850595117e-04
1.682874895297779450e+00,1.000290558295091614e-05
1.684274410390128818e+00,1.791513350326567888e-04
1.685665370912272643e+00,9.278969628212507814e-06
1.687047880809205758e+00,9.380957635585218668e-06
1.688422042142831980e+00,1.781307073542848229e-04
1.689787955137179720e+00,1.787553628673776984e-04
1.691145718222264005e+00,8.348749361175578088e-06
1.692495428076651320e+00,8.801332114671822637e-06
1.693837179668767234e+00,1.778290898073464632e-04
1.695171066296994100e+00,8.337090548593550920e-06
1.696497179628601470e+00,1.771700481185689569e-04
1.697815609737546305e+00,8.161864570865873247e-06
1.699126445141186936e+00,1.772177784005180001e-04
1.700429772835944098e+00,7.549882411694852635e-06
1.701725678331947211e+00,7.509740498790051788e-06
1.703014245686699013e+00,7.120170721464091912e-06
1.704295557537793826e+00,7.568047294626012444e-06
1.705569695134717678e+00,7.465494491043500602e-06
1.706836738369765794e+00,7.062687473080586642e-06
1.708096765808100992e+00,7.229633865790674463e-06
1.709349854716987860e+00,6.854452294646762311e-06
1.710596081094223120e+00,1.763819745974615216e-04
1.711835519695794394e+00,6.780430339858867228e-06
1.713068244062788237e+00,1.760119484970346093e-04
1.714294326547573855e+00,1.761777239153161645e-04
1.715513838339285169e+00,6.417164058802882209e-06
1.716726849488623197e+00,6.402830877050291747e-06
1.717933428932001627e+00,1.757252757670357823e-04
1.719133644515055792e+00,1.756748970365151763e-04
1.720327563015533245e+00,1.752755197230726480e-04
1.721515250165589705e+00,1.758257421897724271e-04
1.722696770673503686e+00,6.217658210516674444e-06
1.723872188244830905e+00,5.905769285163842142e-06
1.725041565603016469e+00,1.750070368871092796e-04
1.726204964509478801e+00,5.575589057116303593e-06
1.727362445783183320e+00,5.797795438411412761e-06
1.728514069319720070e+00,5.596555638476274908e-06
1.729659894109902618e+00,5.458690338855376467e-06
