# n, training_loss
0.000000000000000000e+00,2.502728700637817383e-01
1.005025125628140792e+01,2.427133768796920776e-01
2.010050251256281584e+01,2.387813627719879150e-01
3.015075376884422553e+01,2.330492585897445679e-01
4.020100502512563168e+01,2.203842997550964355e-01
5.025125628140703782e+01,1.949122995138168335e-01
6.030150753768845107e+01,1.678828299045562744e-01
7.035175879396985010e+01,1.419298797845840454e-01
8.040201005025126335e+01,1.242327615618705750e-01
9.045226130653267660e+01,1.009128466248512268e-01
1.005025125628140756e+02,7.940509170293807983e-02
1.105527638190954889e+02,6.089559942483901978e-02
1.206030150753769021e+02,4.709690436720848083e-02
1.306532663316583012e+02,3.730807453393936157e-02
1.407035175879397002e+02,2.942740172147750854e-02
1.507537688442211277e+02,2.652551233768463135e-02
1.608040201005025267e+02,1.977425813674926758e-02
1.708542713567839257e+02,1.492514740675687790e-02
1.809045226130653532e+02,1.494358200579881668e-02
1.909547738693467522e+02,1.126393303275108337e-02
2.010050251256281513e+02,1.014272402971982956e-02
2.110552763819095787e+02,8.638674393296241760e-03
2.211055276381909778e+02,6.949146278202533722e-03
2.311557788944723768e+02,5.574536509811878204e-03
2.412060301507538043e+02,4.531573969870805740e-03
2.512562814070352033e+02,3.511586226522922516e-03
2.613065326633166023e+02,2.958588534966111183e-03
2.713567839195980014e+02,2.292582998052239418e-03
2.814070351758794004e+02,1.854120753705501556e-03
2.914572864321608563e+02,1.661446411162614822e-03
3.015075376884422553e+02,1.314159249886870384e-03
3.115577889447236544e+02,1.198279554955661297e-03
3.216080402010050534e+02,1.007851911708712578e-03
3.316582914572864524e+02,1.234600553289055824e-03
3.417085427135678515e+02,1.046102028340101242e-03
3.517587939698492505e+02,1.047716592438519001e-03
3.618090452261307064e+02,6.952045368961989880e-04
3.718592964824121054e+02,9.344603749923408031e-04
3.819095477386935045e+02,7.081321091391146183e-04
3.919597989949749035e+02,4.912920994684100151e-04
4.020100502512563025e+02,6.416926044039428234e-04
4.120603015075377016e+02,4.492795269470661879e-04
4.221105527638191575e+02,3.944761119782924652e-04
4.321608040201005565e+02,3.648760030046105385e-04
4.422110552763819555e+02,3.440476139076054096e-04
4.522613065326633546e+02,4.901536158286035061e-04
4.623115577889447536e+02,4.729343345388770103e-04
4.723618090452261526e+02,2.920830447692424059e-04
4.824120603015076085e+02,4.398892633616924286e-04
4.924623115577890076e+02,2.561588480602949858e-04
5.025125628140704066e+02,3.971265396103262901e-04
5.125628140703518056e+02,2.411116147413849831e-04
5.226130653266332047e+02,5.564210587181150913e-04
5.326633165829146037e+02,3.722628171090036631e-04
5.427135678391960028e+02,3.284139093011617661e-04
5.527638190954774018e+02,1.894624147098511457e-04
5.628140703517588008e+02,1.802630285965278745e-04
5.728643216080401999e+02,1.660686975810676813e-04
5.829145728643217126e+02,1.657505199545994401e-04
5.929648241206031116e+02,1.413007412338629365e-04
6.030150753768845107e+02,3.082975745201110840e-04
6.130653266331659097e+02,1.446301903342828155e-04
6.231155778894473087e+02,3.013726382050663233e-04
6.331658291457287078e+02,1.287602644879370928e-04
6.432160804020101068e+02,1.200681654154323041e-04
6.532663316582915058e+02,1.139123196480795741e-04
6.633165829145729049e+02,1.090925143216736615e-04
6.733668341708543039e+02,2.729395346250385046e-04
6.834170854271357030e+02,2.696666051633656025e-04
6.934673366834171020e+02,9.544260683469474316e-05
7.035175879396985010e+02,9.334555943496525288e-05
7.135678391959800138e+02,4.304732137825340033e-04
7.236180904522614128e+02,2.482499112375080585e-04
7.336683417085428118e+02,8.499549585394561291e-05
7.437185929648242109e+02,7.587201253045350313e-05
7.537688442211056099e+02,2.470047911629080772e-04
7.638190954773870089e+02,7.551295857410877943e-05
7.738693467336684080e+02,7.212429045466706157e-05
7.839195979899498070e+02,7.114638719940558076e-05
7.939698492462312061e+02,4.050990391988307238e-04
8.040201005025126051e+02,6.531201506732031703e-05
8.140703517587940041e+02,6.025480979587882757e-05
8.241206030150754032e+02,6.275647319853305817e-05
8.341708542713568022e+02,5.871747634955681860e-05
8.442211055276383149e+02,2.587083727121353149e-04
8.542713567839197140e+02,7.198165258159860969e-05
8.643216080402011130e+02,6.349168688757345080e-05
8.743718592964825120e+02,5.564932871493510902e-05
8.844221105527639111e+02,5.511739800567738712e-05
8.944723618090453101e+02,5.199273073230870068e-05
9.045226130653267091e+02,5.003098340239375830e-05
9.145728643216081082e+02,4.742293458548374474e-05
9.246231155778895072e+02,4.382177212391979992e-05
9.346733668341709063e+02,4.477543188841082156e-05
9.447236180904523053e+02,4.081639417563565075e-05
9.547738693467337043e+02,3.953649138566106558e-05
9.648241206030152171e+02,4.017458923044614494e-05
9.748743718592966161e+02,3.782760904869064689e-05
9.849246231155780151e+02,3.713455589604564011e-05
9.949748743718594142e+02,2.067070745397359133e-04
1.005025125628140813e+03,3.629258571891114116e-05
1.015075376884422212e+03,3.519466918078251183e-05
1.025125628140703611e+03,2.030749164987355471e-04
1.035175879396985010e+03,3.280421151430346072e-05
1.045226130653266409e+03,3.084907802985981107e-05
1.055276381909547808e+03,3.209289570804685354e-05
1.065326633165829207e+03,3.686825511977076530e-04
1.075376884422110606e+03,3.013604691659566015e-05
1.085427135678392006e+03,2.812548700603656471e-05
1.095477386934673405e+03,1.990255404962226748e-04
1.105527638190954804e+03,2.763638440228533000e-05
1.115577889447236203e+03,2.607421811262611300e-05
1.125628140703517602e+03,2.588107781775761396e-05
1.135678391959799001e+03,1.945151161635294557e-04
1.145728643216080400e+03,1.938709319802001119e-04
1.155778894472361799e+03,2.431500797683838755e-05
1.165829145728643425e+03,2.222366310888901353e-05
1.175879396984924824e+03,2.389067958574742079e-05
1.185929648241206223e+03,1.918281632242724299e-04
1.195979899497487622e+03,1.907531404867768288e-04
1.206030150753769021e+03,2.134117858076933771e-05
1.216080402010050420e+03,2.071355993393808603e-05
1.226130653266331819e+03,1.894039742182940245e-04
1.236180904522613218e+03,1.908804915728978813e-05
1.246231155778894617e+03,2.053055322903674096e-05
1.256281407035176017e+03,1.917170266096945852e-05
1.266331658291457416e+03,1.878515286080073565e-05
1.276381909547738815e+03,1.861665805336087942e-05
1.286432160804020214e+03,1.891780993901193142e-05
1.296482412060301613e+03,1.750730734784156084e-05
1.306532663316583012e+03,1.823559432523325086e-05
1.316582914572864411e+03,1.859204348875209689e-04
1.326633165829145810e+03,1.728450661175884306e-05
1.336683417085427209e+03,1.729606447042897344e-05
1.346733668341708608e+03,1.682237052591517568e-05
1.356783919597990007e+03,1.610730032552964985e-05
1.366834170854271406e+03,1.520182468084385619e-05
1.376884422110552805e+03,1.511157734057633206e-05
1.386934673366834204e+03,1.428435643902048469e-05
1.396984924623115603e+03,1.509701633040094748e-05
1.407035175879397002e+03,1.415213682776084170e-05
1.417085427135678628e+03,1.390564557368634269e-05
1.427135678391960028e+03,1.454645826015621424e-05
1.437185929648241427e+03,1.381295078317634761e-05
1.447236180904522826e+03,1.833444548537954688e-04
1.457286432160804225e+03,1.285350754187675193e-05
1.467336683417085624e+03,1.315129702561534941e-05
1.477386934673367023e+03,1.252991296496475115e-05
1.487437185929648422e+03,1.251088815479306504e-05
1.497487437185929821e+03,1.212950246554100886e-05
1.507537688442211220e+03,1.211626204167259857e-05
1.517587939698492619e+03,1.150392381532583386e-05
1.527638190954774018e+03,1.147362945630447939e-05
1.537688442211055417e+03,1.150876596511807293e-05
1.547738693467336816e+03,1.133673595177242532e-05
1.557788944723618215e+03,1.800529571482911706e-04
1.567839195979899614e+03,1.076927765097934753e-05
1.577889447236181013e+03,1.091182184609351680e-05
1.587939698492462412e+03,9.849295565800275654e-06
1.597989949748743811e+03,1.053600590239511803e-05
1.608040201005025210e+03,1.029494069371139631e-05
1.618090452261306609e+03,1.788580702850595117e-04
1.628140703517588008e+03,1.000290558295091614e-05
1.638190954773869407e+03,1.791513350326567888e-04
1.648241206030150806e+03,9.278969628212507814e-06
1.658291457286432205e+03,9.380957635585218668e-06
1.668341708542713604e+03,1.781307073542848229e-04
1.678391959798995231e+03,1.787553628673776984e-04
1.688442211055276630e+03,8.348749361175578088e-06
1.698492462311558029e+03,8.801332114671822637e-06
1.708542713567839428e+03,1.778290898073464632e-04
1.718592964824120827e+03,8.337090548593550920e-06
1.728643216080402226e+03,1.771700481185689569e-04
1.738693467336683625e+03,8.161864570865873247e-06
1.748743718592965024e+03,1.772177784005180001e-04
1.758793969849246423e+03,7.549882411694852635e-06
1.768844221105527822e+03,7.509740498790051788e-06
1.778894472361809221e+03,7.120170721464091912e-06
1.788944723618090620e+03,7.568047294626012444e-06
1.798994974874372019e+03,7.465494491043500602e-06
1.809045226130653418e+03,7.062687473080586642e-06
1.819095477386934817e+03,7.229633865790674463e-06
1.829145728643216216e+03,6.854452294646762311e-06
1.839195979899497615e+03,1.763819745974615216e-04
1.849246231155779014e+03,6.780430339858867228e-06
1.859296482412060413e+03,1.760119484970346093e-04
1.869346733668341813e+03,1.761777239153161645e-04
1.879396984924623212e+03,6.417164058802882209e-06
1.889447236180904611e+03,6.402830877050291747e-06
1.899497487437186010e+03,1.757252757670357823e-04
1.909547738693467409e+03,1.756748970365151763e-04
1.919597989949748808e+03,1.752755197230726480e-04
1.929648241206030434e+03,1.758257421897724271e-04
1.939698492462311833e+03,6.217658210516674444e-06
1.949748743718593232e+03,5.905769285163842142e-06
1.959798994974874631e+03,1.750070368871092796e-04
1.969849246231156030e+03,5.575589057116303593e-06
1.979899497487437429e+03,5.797795438411412761e-06
1.989949748743718828e+03,5.596555638476274908e-06
2.000000000000000000e+03,5.458690338855376467e-06
