# kappa, training_loss
0.000000000000000000e+00,2.505534887313842773e-01
5.465982710677462775e-01,2.368991971015930176e-01
6.937889895409101726e-01,2.375166565179824829e-01
7.824312572046496772e-01,2.318222820758819580e-01
8.460615962526876199e-01,2.291012704372406006e-01
8.957322357434127635e-01,2.252950221300125122e-01
9.364797101953331593e-01,2.197596430778503418e-01
9.710270228722077679e-01,2.165744453668594360e-01
1.001014195803149098e+00,2.115970253944396973e-01
1.027505902983703256e+00,2.077222019433975220e-01
1.051232633098942548e+00,2.052316367626190186e-01
1.072717396545236124e+00,1.983729600906372070e-01
1.092347546653356316e+00,1.928321421146392822e-01
1.110417983986649482e+00,1.884365379810333252e-01
1.127158422239247892e+00,1.827759742736816406e-01
1.142751289221362043e+00,1.774354577064514160e-01
1.157343875892839158e+00,1.716857105493545532e-01
1.171056818011483092e+00,1.688957959413528442e-01
1.183990163565912246e+00,1.636506617069244385e-01
1.196227806382955672e+00,1.580379456281661987e-01
1.207840786981726033e+00,1.551032364368438721e-01
1.218889791147550028e+00,1.516364514827728271e-01
1.229427069413384199e+00,1.478223800659179688e-01
1.239497931397755881e+00,1.445725262165069580e-01
1.249141923219553973e+00,1.387120783329010010e-01
1.258393765375012352e+00,1.373616307973861694e-01
1.267284107276597460e+00,1.351700574159622192e-01
1.275840139847672194e+00,1.314191371202468872e-01
1.284086097057565823e+00,1.271301656961441040e-01
1.292043669715308818e+00,1.254190504550933838e-01
1.299732349320964486e+00,1.236701160669326782e-01
1.307169715698477175e+00,1.219055280089378357e-01
1.314371679091508760e+00,1.187072396278381348e-01
1.321352685108514891e+00,1.149587631225585938e-01
1.328125889154992301e+00,1.126810610294342041e-01
1.334703305647047644e+00,1.099530979990959167e-01
1.341095936258817733e+00,1.081814989447593689e-01
1.347313880642501349e+00,1.077289804816246033e-01
1.353366432419210508e+00,1.055242568254470825e-01
1.359262162731158741e+00,1.021016836166381836e-01
1.365008993240611979e+00,1.022946611046791077e-01
1.370614260135808893e+00,1.000253558158874512e-01
1.376084770441408311e+00,9.876193106174468994e-02
1.381426851717722171e+00,9.710542112588882446e-02
1.386646396058843322e+00,9.609616547822952271e-02
1.391748899156880714e+00,9.377146512269973755e-02
1.396739495081702698e+00,9.228296577930450439e-02
1.401622987328003944e+00,9.116782993078231812e-02
1.406403876600330838e+00,9.159170836210250854e-02
1.411086385738904214e+00,8.729495108127593994e-02
1.415674482132192269e+00,8.566860854625701904e-02
1.420171897914331405e+00,8.511418849229812622e-02
1.424582148205026710e+00,8.487930148839950562e-02
1.428908547615276747e+00,8.234313875436782837e-02
1.433154225213092658e+00,8.096253871917724609e-02
1.437322138118475756e+00,8.057864755392074585e-02
1.441415083875610348e+00,7.881820201873779297e-02
1.445435711731916761e+00,7.764893770217895508e-02
1.449386532937860128e+00,7.701064646244049072e-02
1.453269930167793156e+00,7.557651400566101074e-02
1.457088166150340314e+00,7.337673753499984741e-02
1.460843391586594375e+00,7.531044632196426392e-02
1.464537652425511371e+00,7.305523008108139038e-02
1.468172896558121776e+00,7.423876225948333740e-02
1.471750979985396057e+00,7.045789062976837158e-02
1.475273672508656375e+00,7.108914852142333984e-02
1.478742662986215484e+00,7.067176699638366699e-02
1.482159564195322465e+00,6.841280311346054077e-02
1.485525917334453050e+00,6.882371753454208374e-02
1.488843196197408236e+00,6.815083324909210205e-02
1.492112811047514143e+00,6.548458337783813477e-02
1.495336112217414692e+00,6.468557566404342651e-02
1.498514393457456517e+00,6.375092267990112305e-02
1.501648895053443233e+00,6.306563317775726318e-02
1.504740806732564051e+00,6.345413625240325928e-02
1.507791270374537529e+00,6.248058378696441650e-02
1.510801382543428550e+00,6.137381121516227722e-02
1.513772196854185959e+00,6.169338896870613098e-02
1.516704726186686614e+00,6.071319058537483215e-02
1.519599944758921684e+00,5.891663953661918640e-02
1.522458790069946888e+00,5.913313105702400208e-02
1.525282164722291611e+00,5.884107574820518494e-02
1.528070938132694012e+00,5.776825547218322754e-02
1.530825948139268311e+00,5.820757150650024414e-02
1.533548002512546082e+00,5.736137926578521729e-02
1.536237880377202547e+00,5.639088153839111328e-02
1.538896333550733520e+00,5.576662346720695496e-02
1.541524087804834853e+00,5.623889341950416565e-02
1.544121844054781256e+00,5.499759688973426819e-02
1.546690279481677921e+00,5.517902597784996033e-02
1.549230048592085129e+00,5.341584235429763794e-02
1.551741784219156539e+00,5.248614028096199036e-02
1.554226098469131179e+00,5.303870141506195068e-02
1.556683583616710775e+00,5.221402645111083984e-02
1.559114812952609563e+00,4.885254800319671631e-02
1.561520341586299709e+00,5.044713988900184631e-02
1.563900707206772100e+00,5.031402036547660828e-02
1.566256430803918409e+00,4.946759715676307678e-02
1.568588017352953834e+00,4.982795938849449158e-02
1.570895956464130272e+00,4.981099441647529602e-02
1.573180722999833803e+00,4.966480657458305359e-02
1.575442777661006488e+00,4.745002835988998413e-02
1.577682567544710812e+00,4.819164797663688660e-02
1.579900526674517858e+00,4.763023927807807922e-02
1.582097076505297739e+00,4.748376086354255676e-02
1.584272626403879114e+00,4.625462740659713745e-02
1.586427574106949123e+00,4.562256112694740295e-02
1.588562306157473625e+00,4.466329887509346008e-02
1.590677198320839869e+00,4.468255117535591125e-02
1.592772615981833839e+00,4.395216703414916992e-02
1.594848914523511185e+00,4.397112131118774414e-02
1.596906439688937196e+00,4.326605796813964844e-02
1.598945527926718624e+00,4.254905134439468384e-02
1.600966506721192895e+00,4.276113212108612061e-02
1.602969694908082277e+00,4.260536283254623413e-02
1.604955402976377510e+00,4.214253276586532593e-02
1.606923933357161216e+00,4.082182422280311584e-02
1.608875580700046770e+00,4.051513597369194031e-02
1.610810632137863241e+00,4.091106355190277100e-02
1.612729367540182368e+00,4.044992849230766296e-02
1.614632059756242910e+00,4.082625731825828552e-02
1.616518974847807044e+00,3.945541754364967346e-02
1.618390372312438430e+00,3.971813991665840149e-02
1.620246505297676665e+00,3.927898779511451721e-02
1.622087620806545116e+00,3.903760761022567749e-02
1.623913959894812908e+00,3.777633234858512878e-02
1.625725757860404519e+00,3.809505328536033630e-02
1.627523244425326254e+00,3.866541013121604919e-02
1.629306643910466645e+00,3.695826977491378784e-02
1.631076175403597395e+00,3.732035309076309204e-02
1.632832052920894839e+00,3.654865175485610962e-02
1.634574485562275914e+00,3.780239447951316833e-02
1.636303677660833289e+00,3.621919453144073486e-02
1.638019828926635002e+00,3.616422787308692932e-02
1.639723134585140851e+00,3.563712537288665771e-02
1.641413785510480006e+00,3.481930121779441833e-02
1.643091968353810106e+00,3.604417666792869568e-02
1.644757865666981900e+00,3.454771265387535095e-02
1.646411656021707470e+00,3.488588705658912659e-02
1.648053514124429464e+00,3.471602499485015869e-02
1.649683610927077160e+00,3.428501635789871216e-02
1.651302113733883470e+00,3.468011692166328430e-02
1.652909186304428291e+00,3.374910354614257812e-02
1.654504988953072298e+00,3.418430685997009277e-02
1.656089678644924401e+00,3.302391618490219116e-02
1.657663409088493633e+00,3.187669441103935242e-02
1.659226330825157358e+00,3.256732225418090820e-02
1.660778591315580810e+00,3.214535117149353027e-02
1.662320335023204754e+00,3.150314465165138245e-02
1.663851703494927170e+00,3.198721259832382202e-02
1.665372835439087762e+00,3.098772838711738586e-02
1.666883866800862979e+00,3.148750960826873779e-02
1.668384930835173030e+00,3.089114464819431305e-02
1.669876158177203029e+00,3.092885948717594147e-02
1.671357676910625090e+00,3.019572235643863678e-02
1.672829612633616403e+00,3.042094409465789795e-02
1.674292088522754796e+00,3.048403188586235046e-02
1.675745225394874582e+00,2.944532968103885651e-02
1.677189141766959102e+00,3.005958907306194305e-02
1.678623953914146316e+00,2.942582592368125916e-02
1.680049775925915867e+00,2.975354343652725220e-02
1.681466719760528861e+00,2.882743999361991882e-02
1.682874895297779450e+00,2.857528813183307648e-02
1.684274410390128818e+00,2.875900268554687500e-02
1.685665370912272643e+00,2.791201137006282806e-02
1.687047880809205758e+00,2.723244205117225647e-02
1.688422042142831980e+00,2.818924747407436371e-02
1.689787955137179720e+00,2.830653451383113861e-02
1.691145718222264005e+00,2.719901315867900848e-02
1.692495428076651320e+00,2.699077129364013672e-02
1.693837179668767234e+00,2.716452442109584808e-02
1.695171066296994100e+00,2.722988463938236237e-02
1.696497179628601470e+00,2.650910057127475739e-02
1.697815609737546305e+00,2.627309970557689667e-02
1.699126445141186936e+00,2.553418837487697601e-02
1.700429772835944098e+00,2.689073607325553894e-02
1.701725678331947211e+00,2.674728445708751678e-02
1.703014245686699013e+00,2.531966567039489746e-02
1.704295557537793826e+00,2.559204958379268646e-02
1.705569695134717678e+00,2.600222267210483551e-02
1.706836738369765794e+00,2.466525882482528687e-02
1.708096765808100992e+00,2.581466920673847198e-02
1.709349854716987860e+00,2.501359581947326660e-02
1.710596081094223120e+00,2.477345056831836700e-02
1.711835519695794394e+00,2.389154210686683655e-02
1.713068244062788237e+00,2.308476902544498444e-02
1.714294326547573855e+00,2.452844940125942230e-02
1.715513838339285169e+00,2.370603382587432861e-02
1.716726849488623197e+00,2.322352863848209381e-02
1.717933428932001627e+00,2.410761080682277679e-02
1.719133644515055792e+00,2.311071008443832397e-02
1.720327563015533245e+00,2.275730483233928680e-02
1.721515250165589705e+00,2.362653426826000214e-02
1.722696770673503686e+00,2.324051037430763245e-02
1.723872188244830905e+00,2.254459261894226074e-02
1.725041565603016469e+00,2.250482141971588135e-02
1.726204964509478801e+00,2.278225682675838470e-02
1.727362445783183320e+00,2.173151634633541107e-02
1.728514069319720070e+00,2.246891893446445465e-02
1.729659894109902618e+00,2.229852415621280670e-02
