# n, training_loss
0.000000000000000000e+00,2.505534887313842773e-01
1.005025125628140792e+01,2.368991971015930176e-01
2.010050251256281584e+01,2.375166565179824829e-01
3.015075376884422553e+01,2.318222820758819580e-01
4.020100502512563168e+01,2.291012704372406006e-01
5.025125628140703782e+01,2.252950221300125122e-01
6.030150753768845107e+01,2.197596430778503418e-01
7.035175879396985010e+01,2.165744453668594360e-01
8.040201005025126335e+01,2.115970253944396973e-01
9.045226130653267660e+01,2.077222019433975220e-01
1.005025125628140756e+02,2.052316367626190186e-01
1.105527638190954889e+02,1.983729600906372070e-01
1.206030150753769021e+02,1.928321421146392822e-01
1.306532663316583012e+02,1.884365379810333252e-01
1.407035175879397002e+02,1.827759742736816406e-01
1.507537688442211277e+02,1.774354577064514160e-01
1.608040201005025267e+02,1.716857105493545532e-01
1.708542713567839257e+02,1.688957959413528442e-01
1.809045226130653532e+02,1.636506617069244385e-01
1.909547738693467522e+02,1.580379456281661987e-01
2.010050251256281513e+02,1.551032364368438721e-01
2.110552763819095787e+02,1.516364514827728271e-01
2.211055276381909778e+02,1.478223800659179688e-01
2.311557788944723768e+02,1.445725262165069580e-01
2.412060301507538043e+02,1.387120783329010010e-01
2.512562814070352033e+02,1.373616307973861694e-01
2.613065326633166023e+02,1.351700574159622192e-01
2.713567839195980014e+02,1.314191371202468872e-01
2.814070351758794004e+02,1.271301656961441040e-01
2.914572864321608563e+02,1.254190504550933838e-01
3.015075376884422553e+02,1.236701160669326782e-01
3.115577889447236544e+02,1.219055280089378357e-01
3.216080402010050534e+02,1.187072396278381348e-01
3.316582914572864524e+02,1.149587631225585938e-01
3.417085427135678515e+02,1.126810610294342041e-01
3.517587939698492505e+02,1.099530979990959167e-01
3.618090452261307064e+02,1.081814989447593689e-01
3.718592964824121054e+02,1.077289804816246033e-01
3.819095477386935045e+02,1.055242568254470825e-01
3.919597989949749035e+02,1.021016836166381836e-01
4.020100502512563025e+02,1.022946611046791077e-01
4.120603015075377016e+02,1.000253558158874512e-01
4.221105527638191575e+02,9.876193106174468994e-02
4.321608040201005565e+02,9.710542112588882446e-02
4.422110552763819555e+02,9.609616547822952271e-02
4.522613065326633546e+02,9.377146512269973755e-02
4.623115577889447536e+02,9.228296577930450439e-02
4.723618090452261526e+02,9.116782993078231812e-02
4.824120603015076085e+02,9.159170836210250854e-02
4.924623115577890076e+02,8.729495108127593994e-02
5.025125628140704066e+02,8.566860854625701904e-02
5.125628140703518056e+02,8.511418849229812622e-02
5.226130653266332047e+02,8.487930148839950562e-02
5.326633165829146037e+02,8.234313875436782837e-02
5.427135678391960028e+02,8.096253871917724609e-02
5.527638190954774018e+02,8.057864755392074585e-02
5.628140703517588008e+02,7.881820201873779297e-02
5.728643216080401999e+02,7.764893770217895508e-02
5.829145728643217126e+02,7.701064646244049072e-02
5.929648241206031116e+02,7.557651400566101074e-02
6.030150753768845107e+02,7.337673753499984741e-02
6.130653266331659097e+02,7.531044632196426392e-02
6.231155778894473087e+02,7.305523008108139038e-02
6.331658291457287078e+02,7.423876225948333740e-02
6.432160804020101068e+02,7.045789062976837158e-02
6.532663316582915058e+02,7.108914852142333984e-02
6.633165829145729049e+02,7.067176699638366699e-02
6.733668341708543039e+02,6.841280311346054077e-02
6.834170854271357030e+02,6.882371753454208374e-02
6.934673366834171020e+02,6.815083324909210205e-02
7.035175879396985010e+02,6.548458337783813477e-02
7.135678391959800138e+02,6.468557566404342651e-02
7.236180904522614128e+02,6.375092267990112305e-02
7.336683417085428118e+02,6.306563317775726318e-02
7.437185929648242109e+02,6.345413625240325928e-02
7.537688442211056099e+02,6.248058378696441650e-02
7.638190954773870089e+02,6.137381121516227722e-02
7.738693467336684080e+02,6.169338896870613098e-02
7.839195979899498070e+02,6.071319058537483215e-02
7.939698492462312061e+02,5.891663953661918640e-02
8.040201005025126051e+02,5.913313105702400208e-02
8.140703517587940041e+02,5.884107574820518494e-02
8.241206030150754032e+02,5.776825547218322754e-02
8.341708542713568022e+02,5.820757150650024414e-02
8.442211055276383149e+02,5.736137926578521729e-02
8.542713567839197140e+02,5.639088153839111328e-02
8.643216080402011130e+02,5.576662346720695496e-02
8.743718592964825120e+02,5.623889341950416565e-02
8.844221105527639111e+02,5.499759688973426819e-02
8.944723618090453101e+02,5.517902597784996033e-02
9.045226130653267091e+02,5.341584235429763794e-02
9.145728643216081082e+02,5.248614028096199036e-02
9.246231155778895072e+02,5.303870141506195068e-02
9.346733668341709063e+02,5.221402645111083984e-02
9.447236180904523053e+02,4.885254800319671631e-02
9.547738693467337043e+02,5.044713988900184631e-02
9.648241206030152171e+02,5.031402036547660828e-02
9.748743718592966161e+02,4.946759715676307678e-02
9.849246231155780151e+02,4.982795938849449158e-02
9.949748743718594142e+02,4.981099441647529602e-02
1.005025125628140813e+03,4.966480657458305359e-02
1.015075376884422212e+03,4.745002835988998413e-02
1.025125628140703611e+03,4.819164797663688660e-02
1.035175879396985010e+03,4.763023927807807922e-02
1.045226130653266409e+03,4.748376086354255676e-02
1.055276381909547808e+03,4.625462740659713745e-02
1.065326633165829207e+03,4.562256112694740295e-02
1.075376884422110606e+03,4.466329887509346008e-02
1.085427135678392006e+03,4.468255117535591125e-02
1.095477386934673405e+03,4.395216703414916992e-02
1.105527638190954804e+03,4.397112131118774414e-02
1.115577889447236203e+03,4.326605796813964844e-02
1.125628140703517602e+03,4.254905134439468384e-02
1.135678391959799001e+03,4.276113212108612061e-02
1.145728643216080400e+03,4.260536283254623413e-02
1.155778894472361799e+03,4.214253276586532593e-02
1.165829145728643425e+03,4.082182422280311584e-02
1.175879396984924824e+03,4.051513597369194031e-02
1.185929648241206223e+03,4.091106355190277100e-02
1.195979899497487622e+03,4.044992849230766296e-02
1.206030150753769021e+03,4.082625731825828552e-02
1.216080402010050420e+03,3.945541754364967346e-02
1.226130653266331819e+03,3.971813991665840149e-02
1.236180904522613218e+03,3.927898779511451721e-02
1.246231155778894617e+03,3.903760761022567749e-02
1.256281407035176017e+03,3.777633234858512878e-02
1.266331658291457416e+03,3.809505328536033630e-02
1.276381909547738815e+03,3.866541013121604919e-02
1.286432160804020214e+03,3.695826977491378784e-02
1.296482412060301613e+03,3.732035309076309204e-02
1.306532663316583012e+03,3.654865175485610962e-02
1.316582914572864411e+03,3.780239447951316833e-02
1.326633165829145810e+03,3.621919453144073486e-02
1.336683417085427209e+03,3.616422787308692932e-02
1.346733668341708608e+03,3.563712537288665771e-02
1.356783919597990007e+03,3.481930121779441833e-02
1.366834170854271406e+03,3.604417666792869568e-02
1.376884422110552805e+03,3.454771265387535095e-02
1.386934673366834204e+03,3.488588705658912659e-02
1.396984924623115603e+03,3.471602499485015869e-02
1.407035175879397002e+03,3.428501635789871216e-02
1.417085427135678628e+03,3.468011692166328430e-02
1.427135678391960028e+03,3.374910354614257812e-02
1.437185929648241427e+03,3.418430685997009277e-02
1.447236180904522826e+03,3.302391618490219116e-02
1.457286432160804225e+03,3.187669441103935242e-02
1.467336683417085624e+03,3.256732225418090820e-02
1.477386934673367023e+03,3.214535117149353027e-02
1.487437185929648422e+03,3.150314465165138245e-02
1.497487437185929821e+03,3.198721259832382202e-02
1.507537688442211220e+03,3.098772838711738586e-02
1.517587939698492619e+03,3.148750960826873779e-02
1.527638190954774018e+03,3.089114464819431305e-02
1.537688442211055417e+03,3.092885948717594147e-02
1.547738693467336816e+03,3.019572235643863678e-02
1.557788944723618215e+03,3.042094409465789795e-02
1.567839195979899614e+03,3.048403188586235046e-02
1.577889447236181013e+03,2.944532968103885651e-02
1.587939698492462412e+03,3.005958907306194305e-02
1.597989949748743811e+03,2.942582592368125916e-02
1.608040201005025210e+03,2.975354343652725220e-02
1.618090452261306609e+03,2.882743999361991882e-02
1.628140703517588008e+03,2.857528813183307648e-02
1.638190954773869407e+03,2.875900268554687500e-02
1.648241206030150806e+03,2.791201137006282806e-02
1.658291457286432205e+03,2.723244205117225647e-02
1.668341708542713604e+03,2.818924747407436371e-02
1.678391959798995231e+03,2.830653451383113861e-02
1.688442211055276630e+03,2.719901315867900848e-02
1.698492462311558029e+03,2.699077129364013672e-02
1.708542713567839428e+03,2.716452442109584808e-02
1.718592964824120827e+03,2.722988463938236237e-02
1.728643216080402226e+03,2.650910057127475739e-02
1.738693467336683625e+03,2.627309970557689667e-02
1.748743718592965024e+03,2.553418837487697601e-02
1.758793969849246423e+03,2.689073607325553894e-02
1.768844221105527822e+03,2.674728445708751678e-02
1.778894472361809221e+03,2.531966567039489746e-02
1.788944723618090620e+03,2.559204958379268646e-02
1.798994974874372019e+03,2.600222267210483551e-02
1.809045226130653418e+03,2.466525882482528687e-02
1.819095477386934817e+03,2.581466920673847198e-02
1.829145728643216216e+03,2.501359581947326660e-02
1.839195979899497615e+03,2.477345056831836700e-02
1.849246231155779014e+03,2.389154210686683655e-02
1.859296482412060413e+03,2.308476902544498444e-02
1.869346733668341813e+03,2.452844940125942230e-02
1.879396984924623212e+03,2.370603382587432861e-02
1.889447236180904611e+03,2.322352863848209381e-02
1.899497487437186010e+03,2.410761080682277679e-02
1.909547738693467409e+03,2.311071008443832397e-02
1.919597989949748808e+03,2.275730483233928680e-02
1.929648241206030434e+03,2.362653426826000214e-02
1.939698492462311833e+03,2.324051037430763245e-02
1.949748743718593232e+03,2.254459261894226074e-02
1.959798994974874631e+03,2.250482141971588135e-02
1.969849246231156030e+03,2.278225682675838470e-02
1.979899497487437429e+03,2.173151634633541107e-02
1.989949748743718828e+03,2.246891893446445465e-02
2.000000000000000000e+03,2.229852415621280670e-02
